time	V(out)
Step Information: Run=1  (Run: 1/100)
0.000000000000000e+00	0.000000e+00
4.900000000000001e-04	4.900490e-15
4.968359375000001e-04	4.968856e-15
4.980733428021121e-04	1.657152e-05
4.986004864882820e-04	1.704657e-04
4.987933878782246e-04	5.116566e-04
4.988943408744085e-04	1.020800e-03
4.989947903967217e-04	1.960855e-03
4.990991404464361e-04	3.537003e-03
4.992480158634113e-04	7.022850e-03
4.994260701281061e-04	1.348050e-02
4.996747891338825e-04	2.739166e-02
5.000000000000000e-04	5.130357e-02
5.000979868381385e-04	6.036530e-02
5.002286359556564e-04	7.174300e-02
5.004899341906924e-04	9.226561e-02
5.010125306607643e-04	1.264783e-01
5.019813476747963e-04	1.759339e-01
5.029163692350620e-04	2.106461e-01
5.042929509553754e-04	2.457845e-01
5.057788894686317e-04	2.715790e-01
5.079200668052341e-04	2.958346e-01
5.104049755782190e-04	3.139319e-01
5.140422573613750e-04	3.302552e-01
5.185210254597266e-04	3.424063e-01
5.252143141382586e-04	3.528842e-01
5.339605411890931e-04	3.608110e-01
5.437261661890931e-04	3.659903e-01
5.730230411890931e-04	3.729142e-01
6.511480411890932e-04	3.782294e-01
9.734136661890935e-04	3.816010e-01
1.500000000000000e-03	3.824262e-01
1.510000000000000e-03	3.824262e-01
9.539296874999839e-03	3.824262e-01
9.998281249999829e-03	3.824262e-01
1.000000000000000e-02	3.824262e-01
Step Information: Run=2  (Run: 2/100)
0.000000000000000e+00	0.000000e+00
4.900000000000001e-04	4.900490e-15
4.968359375000001e-04	4.968856e-15
4.980733420938148e-04	8.593164e-04
4.986004666560886e-04	3.314211e-03
4.988246078732175e-04	6.641981e-03
4.990139376410722e-04	1.220080e-02
4.992097525971240e-04	2.156682e-02
4.995164043106663e-04	4.413291e-02
4.999607037863902e-04	8.702013e-02
5.000627153429404e-04	9.903242e-02
5.001881460288211e-04	1.131780e-01
5.004390074005825e-04	1.378592e-01
5.009407301441054e-04	1.774321e-01
5.016472281515077e-04	2.188134e-01
5.024694955443902e-04	2.522512e-01
5.034921523469463e-04	2.800901e-01
5.047705294758397e-04	3.029410e-01
5.064715414252658e-04	3.223547e-01
5.086896143206574e-04	3.380524e-01
5.117210940894228e-04	3.509006e-01
5.158418155394834e-04	3.610330e-01
5.217208654293910e-04	3.691062e-01
5.301232866132355e-04	3.754250e-01
5.496545366132355e-04	3.818590e-01
5.984826616132356e-04	3.866970e-01
8.133264116132357e-04	3.900783e-01
1.500000000000000e-03	3.911272e-01
1.510000000000000e-03	3.911272e-01
9.549062499999839e-03	3.911272e-01
9.998281249999829e-03	3.911272e-01
1.000000000000000e-02	3.911272e-01
Step Information: Run=3  (Run: 3/100)
0.000000000000000e+00	0.000000e+00
4.900000000000001e-04	4.900490e-15
5.000186080187698e-04	6.051559e-06
5.049167187659119e-04	6.574751e-04
5.098340377904938e-04	1.255430e-03
5.195996627904939e-04	2.335881e-03
5.293652877904939e-04	3.298889e-03
5.391309127904939e-04	4.148102e-03
5.488965377904939e-04	4.902945e-03
5.586621627904939e-04	5.578248e-03
5.684277877904939e-04	6.185900e-03
5.879590377904939e-04	7.235070e-03
6.074902877904939e-04	8.108824e-03
6.367871627904940e-04	9.175817e-03
6.660840377904940e-04	1.002848e-02
7.051465377904940e-04	1.093019e-02
7.539746627904941e-04	1.179593e-02
8.223340377904941e-04	1.269021e-02
9.102246627904942e-04	1.350387e-02
1.037177787790494e-03	1.429716e-02
1.222724662790494e-03	1.502834e-02
1.500000000000000e-03	1.567064e-02
1.510000000000000e-03	1.567064e-02
9.500234374999840e-03	1.567064e-02
9.998281249999829e-03	1.567064e-02
1.000000000000000e-02	1.567064e-02
Step Information: Run=4  (Run: 4/100)
0.000000000000000e+00	0.000000e+00
4.900000000000001e-04	4.900490e-15
4.954658851159960e-04	9.235786e-06
4.955198495071444e-04	5.903023e-05
4.955454070716829e-04	1.109436e-04
4.955733286327875e-04	1.995295e-04
4.956140163302871e-04	3.999262e-04
4.956652169848780e-04	7.907794e-04
4.957271386753483e-04	1.528409e-03
4.958056134190087e-04	2.980715e-03
4.959034111852629e-04	5.788255e-03
4.960284102749335e-04	1.134646e-02
4.961876487170906e-04	2.229888e-02
4.963971656106965e-04	4.452112e-02
4.966831885550796e-04	9.105815e-02
4.971315754007389e-04	1.931178e-01
4.975522779602349e-04	3.106344e-01
4.980047668409930e-04	4.429463e-01
4.985195998918276e-04	5.739717e-01
4.990743109859926e-04	6.772932e-01
4.997462368348177e-04	7.624852e-01
5.000000000000000e-04	7.858573e-01
5.002380311109907e-04	7.982007e-01
5.005554059256448e-04	8.085041e-01
5.011901555549531e-04	8.199307e-01
5.021166447496717e-04	8.279706e-01
5.034603588846840e-04	8.329955e-01
5.094459758310849e-04	8.387997e-01
5.455998182544672e-04	8.419228e-01
1.500000000000000e-03	8.426594e-01
1.510000000000000e-03	8.426594e-01
9.392812499999842e-03	8.426594e-01
9.998281249999829e-03	8.426594e-01
1.000000000000000e-02	8.426594e-01
Step Information: Run=5  (Run: 5/100)
0.000000000000000e+00	0.000000e+00
4.900000000000001e-04	4.900490e-15
4.984305602660093e-04	1.000299e-05
4.985043741971565e-04	7.299768e-05
4.985420767715415e-04	1.411442e-04
4.985824640800879e-04	2.551232e-04
4.986426535822439e-04	5.184225e-04
4.987164991892169e-04	1.019177e-03
4.988084082776279e-04	1.989920e-03
4.989238383501291e-04	3.881730e-03
4.990716114685763e-04	7.630508e-03
4.992628345205301e-04	1.512638e-02
4.995187501249989e-04	3.059567e-02
4.998832646208092e-04	6.056040e-02
5.000000000000000e-04	7.222001e-02
5.000643110062951e-04	7.920086e-02
5.001929330188851e-04	9.244058e-02
5.004501770440653e-04	1.158755e-01
5.009646650944256e-04	1.542177e-01
5.017268840114056e-04	1.974746e-01
5.026075696908670e-04	2.331867e-01
5.037178289019248e-04	2.641532e-01
5.050832797559356e-04	2.898662e-01
5.069093096822460e-04	3.124419e-01
5.092479968044456e-04	3.309205e-01
5.124362439704508e-04	3.464807e-01
5.166773442504337e-04	3.588409e-01
5.226701290384227e-04	3.687289e-01
5.311597388178773e-04	3.765325e-01
5.506909888178774e-04	3.852139e-01
5.897534888178774e-04	3.914950e-01
7.069409888178775e-04	3.960599e-01
1.478425363817878e-03	3.987491e-01
1.500000000000000e-03	3.987645e-01
1.510000000000000e-03	3.987645e-01
9.304921874999844e-03	3.987645e-01
9.998281249999829e-03	3.987645e-01
1.000000000000000e-02	3.987645e-01
Step Information: Run=6  (Run: 6/100)
0.000000000000000e+00	0.000000e+00
4.900000000000001e-04	4.900490e-15
4.971259385956633e-04	4.971756e-15
4.975403928904799e-04	1.109682e-05
4.976714875278216e-04	4.215673e-05
4.977286611276128e-04	8.930385e-05
4.977690055491940e-04	1.599367e-04
4.978124609143104e-04	2.879699e-04
4.978665433053894e-04	5.380022e-04
4.979352864471696e-04	1.032568e-03
4.980230030150334e-04	2.012809e-03
4.981315216330328e-04	3.897953e-03
4.982707847767141e-04	7.648132e-03
4.984484753739691e-04	1.505082e-02
4.986844572516574e-04	3.021584e-02
4.990104049169325e-04	6.245797e-02
4.995364818431215e-04	1.354556e-01
5.000000000000000e-04	2.137195e-01
5.000921538986561e-04	2.298494e-01
5.002764616959684e-04	2.587622e-01
5.006450772905930e-04	3.047144e-01
5.012557479324863e-04	3.595114e-01
5.019114658533407e-04	3.985217e-01
5.027750714438118e-04	4.307754e-01
5.037930531049850e-04	4.544647e-01
5.052625516902889e-04	4.750298e-01
5.071191503908083e-04	4.902948e-01
5.098593790571490e-04	5.030907e-01
5.129445064051958e-04	5.111995e-01
5.179943554165122e-04	5.182463e-01
5.260096325681748e-04	5.241621e-01
5.455408825681749e-04	5.299814e-01
6.431971325681749e-04	5.347538e-01
1.500000000000000e-03	5.366496e-01
1.510000000000000e-03	5.366496e-01
9.470937499999841e-03	5.366496e-01
9.998281249999829e-03	5.366496e-01
1.000000000000000e-02	5.366496e-01
Step Information: Run=7  (Run: 7/100)
0.000000000000000e+00	0.000000e+00
4.900000000000001e-04	4.900490e-15
5.000000000000000e-04	5.000500e-15
1.500000000000000e-03	1.500150e-14
1.510000000000000e-03	1.510151e-14
9.617421874999837e-03	9.618384e-14
9.998281249999829e-03	9.999281e-14
1.000000000000000e-02	1.000100e-13
Step Information: Run=8  (Run: 8/100)
0.000000000000000e+00	0.000000e+00
4.900000000000001e-04	4.900490e-15
4.968359375000001e-04	4.968856e-15
4.980733430513328e-04	8.021259e-05
4.986004785321833e-04	4.339977e-04
4.987973667835178e-04	1.042382e-03
4.989071856400217e-04	1.903828e-03
4.990263070744349e-04	3.560508e-03
4.991603051339454e-04	6.518197e-03
4.993515404017080e-04	1.304256e-02
4.995950956830581e-04	2.588102e-02
4.999657993764936e-04	5.186076e-02
5.000402095615956e-04	5.833883e-02
5.001206286847868e-04	6.530162e-02
5.002814669311693e-04	7.806711e-02
5.006031434239342e-04	9.976675e-02
5.012464964094639e-04	1.341321e-01
5.019505683790163e-04	1.619057e-01
5.029130816002561e-04	1.884312e-01
5.039890077422778e-04	2.088310e-01
5.055233188043112e-04	2.282152e-01
5.073610086392817e-04	2.434018e-01
5.099914465609911e-04	2.570714e-01
5.132857478553621e-04	2.676049e-01
5.181001610156579e-04	2.766913e-01
5.244564587493031e-04	2.835974e-01
5.340408573021381e-04	2.894470e-01
5.535721073021381e-04	2.950027e-01
6.024002323021381e-04	2.995747e-01
7.684158573021383e-04	3.027420e-01
1.500000000000000e-03	3.041719e-01
1.510000000000000e-03	3.041719e-01
9.529531249999839e-03	3.041719e-01
9.998281249999829e-03	3.041719e-01
1.000000000000000e-02	3.041719e-01
Step Information: Run=9  (Run: 9/100)
0.000000000000000e+00	0.000000e+00
4.900000000000001e-04	4.900490e-15
4.980733431222518e-04	4.981231e-15
4.986005351466227e-04	4.711836e-05
4.988076354999559e-04	1.799504e-04
4.988953334936481e-04	3.637552e-04
4.989644022950210e-04	6.584346e-04
4.990374969165416e-04	1.175390e-03
4.991341604180087e-04	2.242775e-03
4.992531937510282e-04	4.285714e-03
4.994099935939100e-04	8.457528e-03
4.996055678606581e-04	1.652112e-02
4.998693374616473e-04	3.175444e-02
5.000000000000000e-04	4.112076e-02
5.001082839064274e-04	5.002952e-02
5.002526624483306e-04	6.125236e-02
5.005414195321371e-04	8.160066e-02
5.011189336997501e-04	1.157165e-01
5.022184077513259e-04	1.666097e-01
5.032718628964881e-04	2.021740e-01
5.048214397598382e-04	2.381630e-01
5.064652657056108e-04	2.641295e-01
5.088462598374758e-04	2.885936e-01
5.115744704721064e-04	3.064490e-01
5.156542292038803e-04	3.228387e-01
5.203412375240277e-04	3.342563e-01
5.277714759801782e-04	3.445404e-01
5.375371009801783e-04	3.524372e-01
5.570683509801783e-04	3.604763e-01
5.961308509801783e-04	3.667551e-01
7.035527259801784e-04	3.714299e-01
1.250427725980179e-03	3.743506e-01
1.500000000000000e-03	3.746155e-01
1.510000000000000e-03	3.739201e-01
9.509999999999840e-03	3.739201e-01
9.998281249999829e-03	3.739201e-01
1.000000000000000e-02	3.739201e-01
Step Information: Run=10  (Run: 10/100)
0.000000000000000e+00	0.000000e+00
4.900000000000001e-04	4.900490e-15
4.968359375000001e-04	4.968856e-15
4.980733413116493e-04	1.314598e-03
4.986004644403672e-04	5.155925e-03
4.988543803544628e-04	1.099148e-02
4.990880420002367e-04	2.147839e-02
4.993076368170131e-04	3.766268e-02
4.996534608228709e-04	7.579792e-02
5.000000000000000e-04	1.248049e-01
5.001319384012503e-04	1.474212e-01
5.003078562695841e-04	1.755469e-01
5.006596920062515e-04	2.252188e-01
5.013633634795865e-04	3.041007e-01
5.026411373435665e-04	4.067751e-01
5.038038475493800e-04	4.670425e-01
5.053637155935494e-04	5.150731e-01
5.069581617557055e-04	5.445899e-01
5.093450543397725e-04	5.700663e-01
5.121374674905936e-04	5.871634e-01
5.164800687211996e-04	6.015173e-01
5.219825566442626e-04	6.111812e-01
5.309446298860242e-04	6.191631e-01
5.504758798860242e-04	6.263850e-01
6.383665048860243e-04	6.325797e-01
1.500000000000000e-03	6.354492e-01
1.510000000000000e-03	6.354492e-01
9.558828124999839e-03	6.354492e-01
9.998281249999829e-03	6.354492e-01
1.000000000000000e-02	6.354492e-01
Step Information: Run=11  (Run: 11/100)
0.000000000000000e+00	0.000000e+00
4.900000000000001e-04	4.900490e-15
4.948387672872780e-04	4.948882e-15
4.955203685666950e-04	9.122527e-05
4.956785460376541e-04	3.151894e-04
4.957585852941887e-04	6.853771e-04
4.958230775511477e-04	1.275317e-03
4.958908480349073e-04	2.295365e-03
4.959823594675841e-04	4.436889e-03
4.960949941216849e-04	8.522792e-03
4.962456561029851e-04	1.697610e-02
4.964369366621273e-04	3.356083e-02
4.967067132316459e-04	6.954169e-02
4.971230210839667e-04	1.483070e-01
4.975656413088755e-04	2.535234e-01
4.980515466660870e-04	3.787700e-01
4.985799607773181e-04	5.040498e-01
4.991757161336990e-04	6.146889e-01
5.000000000000000e-04	7.310252e-01
5.002659353069938e-04	7.494344e-01
5.006205157163189e-04	7.649664e-01
5.013296765349692e-04	7.827067e-01
5.021756839557306e-04	7.934675e-01
5.034999740706269e-04	8.012142e-01
5.088377261722309e-04	8.104718e-01
5.434225289561079e-04	8.160699e-01
1.500000000000000e-03	8.176593e-01
1.510000000000000e-03	8.176593e-01
9.490468749999840e-03	8.176593e-01
9.998281249999829e-03	8.176593e-01
1.000000000000000e-02	8.176593e-01
Step Information: Run=12  (Run: 12/100)
0.000000000000000e+00	0.000000e+00
4.900000000000001e-04	4.900490e-15
4.987494178862649e-04	5.044085e-06
4.988480190830428e-04	3.193054e-05
4.989142313946826e-04	1.109549e-04
4.989579677831883e-04	2.117390e-04
4.990068793981620e-04	3.874836e-04
4.990804398294174e-04	7.972874e-04
4.991668474656947e-04	1.546417e-03
4.992781626006152e-04	3.048418e-03
4.994153757869087e-04	5.920603e-03
4.995957360184876e-04	1.175718e-02
4.998292762288125e-04	2.260727e-02
5.000000000000000e-04	3.263424e-02
5.000908854514106e-04	3.894569e-02
5.002120660532913e-04	4.694440e-02
5.004544272570528e-04	6.161014e-02
5.009391496645756e-04	8.662371e-02
5.019085944796214e-04	1.265370e-01
5.029009907048450e-04	1.569838e-01
5.043092593324768e-04	1.874894e-01
5.058264368824651e-04	2.103870e-01
5.080341119062799e-04	2.327879e-01
5.105862665418999e-04	2.499089e-01
5.142888258706358e-04	2.656692e-01
5.187947802797200e-04	2.776110e-01
5.254402429535481e-04	2.881147e-01
5.339946910453864e-04	2.961833e-01
5.437603160453864e-04	3.017146e-01
5.632915660453864e-04	3.075629e-01
6.023540660453864e-04	3.125638e-01
7.097759410453865e-04	3.167862e-01
1.178525941045387e-03	3.195721e-01
1.500000000000000e-03	3.199718e-01
1.510000000000000e-03	3.199718e-01
9.441640624999841e-03	3.199718e-01
9.998281249999829e-03	3.199718e-01
1.000000000000000e-02	3.199718e-01
Step Information: Run=13  (Run: 13/100)
0.000000000000000e+00	0.000000e+00
4.900000000000001e-04	4.900490e-15
4.950659066563514e-04	4.951154e-15
4.955202015894040e-04	3.690600e-05
4.956256320442576e-04	1.307491e-04
4.956862942123184e-04	3.082078e-04
4.957412778441940e-04	6.234891e-04
4.957911789514323e-04	1.100614e-03
4.958642495180712e-04	2.190081e-03
4.959469888421678e-04	4.107744e-03
4.960607758079916e-04	8.194181e-03
4.961956490439069e-04	1.571325e-02
4.963779129534319e-04	3.141756e-02
4.966081911313850e-04	6.200523e-02
4.969376370519279e-04	1.287751e-01
4.974742819604872e-04	2.759926e-01
4.979161912215413e-04	4.153320e-01
4.983706617771731e-04	5.514702e-01
4.988718608557302e-04	6.659085e-01
4.994917684471902e-04	7.582259e-01
5.000000000000000e-04	8.079640e-01
5.002665345856946e-04	8.196445e-01
5.006219140332875e-04	8.287722e-01
5.013326729284732e-04	8.382390e-01
5.023058241023789e-04	8.440902e-01
5.038581918218783e-04	8.478612e-01
5.099969345999318e-04	8.517541e-01
5.658675207118941e-04	8.540489e-01
1.500000000000000e-03	8.544399e-01
1.510000000000000e-03	8.544399e-01
9.461171874999841e-03	8.544399e-01
9.998281249999829e-03	8.544399e-01
1.000000000000000e-02	8.544399e-01
Step Information: Run=14  (Run: 14/100)
0.000000000000000e+00	0.000000e+00
4.900000000000001e-04	4.900490e-15
4.953898543867498e-04	4.954394e-15
4.963749805302698e-04	8.728717e-05
4.966152355322741e-04	3.355190e-04
4.967297419989322e-04	7.658460e-04
4.968042585510215e-04	1.374998e-03
4.968843278674231e-04	2.486829e-03
4.969855338115714e-04	4.689897e-03
4.971169175873831e-04	9.121405e-03
4.972843676827749e-04	1.787017e-02
4.975066414667318e-04	3.579862e-02
4.978141805073724e-04	7.395842e-02
4.983194346194586e-04	1.624192e-01
4.988988239712183e-04	2.861289e-01
4.994861249656944e-04	4.161135e-01
5.000000000000000e-04	5.223460e-01
5.001760575044806e-04	5.476863e-01
5.004108008437881e-04	5.724548e-01
5.008802875224030e-04	6.055441e-01
5.014727711559654e-04	6.304981e-01
5.022595384816994e-04	6.485742e-01
5.032761345771274e-04	6.611514e-01
5.048474513972643e-04	6.712753e-01
5.071100229091252e-04	6.786143e-01
5.107306270111345e-04	6.841402e-01
5.257642639242686e-04	6.907746e-01
6.624830139242687e-04	6.946551e-01
1.500000000000000e-03	6.952589e-01
1.510000000000000e-03	6.952589e-01
9.490468749999840e-03	6.952589e-01
9.998281249999829e-03	6.952589e-01
1.000000000000000e-02	6.952589e-01
Step Information: Run=15  (Run: 15/100)
0.000000000000000e+00	0.000000e+00
4.900000000000001e-04	4.900490e-15
5.000000000000000e-04	5.000500e-15
1.500000000000000e-03	1.500150e-14
1.510000000000000e-03	1.510151e-14
9.695546874999836e-03	9.696517e-14
9.998281249999829e-03	9.999281e-14
1.000000000000000e-02	1.000100e-13
Step Information: Run=16  (Run: 16/100)
0.000000000000000e+00	0.000000e+00
4.900000000000001e-04	4.900490e-15
5.000000000000000e-04	5.000500e-15
1.500000000000000e-03	1.500150e-14
1.510000000000000e-03	1.510151e-14
9.695546874999836e-03	9.696517e-14
9.998281249999829e-03	9.999281e-14
1.000000000000000e-02	1.000100e-13
Step Information: Run=17  (Run: 17/100)
0.000000000000000e+00	0.000000e+00
4.900000000000001e-04	4.900490e-15
5.000000000000000e-04	5.000500e-15
1.500000000000000e-03	1.500150e-14
1.510000000000000e-03	1.510151e-14
9.617421874999837e-03	9.618384e-14
9.998281249999829e-03	9.999281e-14
1.000000000000000e-02	1.000100e-13
Step Information: Run=18  (Run: 18/100)
0.000000000000000e+00	0.000000e+00
4.900000000000001e-04	4.900490e-15
5.000000000000000e-04	5.000500e-15
1.500000000000000e-03	1.500150e-14
1.510000000000000e-03	1.510151e-14
9.695546874999836e-03	9.696517e-14
9.998281249999829e-03	9.999281e-14
1.000000000000000e-02	1.000100e-13
Step Information: Run=19  (Run: 19/100)
0.000000000000000e+00	0.000000e+00
4.900000000000001e-04	4.900490e-15
4.988060885265514e-04	1.710765e-07
4.991885892687419e-04	2.317911e-05
4.993203340974638e-04	8.432357e-05
4.993878776046735e-04	1.822839e-04
4.994509281528654e-04	3.589555e-04
4.995112080237390e-04	6.370532e-04
4.995983646432241e-04	1.262935e-03
4.996981196816957e-04	2.376571e-03
4.998341408047676e-04	4.730127e-03
5.000000000000000e-04	8.558443e-03
5.002014023203502e-04	1.453961e-02
5.004093014897440e-04	2.043079e-02
5.008250998285316e-04	3.142865e-02
5.016566965061068e-04	5.077320e-02
5.033198898612571e-04	8.277453e-02
5.052435124882616e-04	1.114199e-01
5.078792905580204e-04	1.400754e-01
5.108515701687558e-04	1.630034e-01
5.148323142832249e-04	1.840613e-01
5.195999138055028e-04	2.010031e-01
5.261206821768509e-04	2.159970e-01
5.342743677225696e-04	2.278651e-01
5.440399927225696e-04	2.368577e-01
5.538056177225696e-04	2.428861e-01
5.733368677225696e-04	2.503902e-01
6.026337427225696e-04	2.564475e-01
6.612274927225697e-04	2.620111e-01
7.881806177225698e-04	2.662970e-01
1.188571242722570e-03	2.694319e-01
1.500000000000000e-03	2.701282e-01
1.510000000000000e-03	2.701282e-01
9.500234374999840e-03	2.701282e-01
9.998281249999829e-03	2.701282e-01
1.000000000000000e-02	2.701282e-01
Step Information: Run=20  (Run: 20/100)
0.000000000000000e+00	0.000000e+00
4.900000000000001e-04	4.900490e-15
5.000000000000000e-04	5.000500e-15
1.500000000000000e-03	1.500150e-14
1.510000000000000e-03	1.510151e-14
9.646718749999837e-03	9.647684e-14
9.998281249999829e-03	9.999281e-14
1.000000000000000e-02	1.000100e-13
Step Information: Run=21  (Run: 21/100)
0.000000000000000e+00	0.000000e+00
4.900000000000001e-04	4.900490e-15
4.968359375000001e-04	4.968856e-15
4.980733423592805e-04	9.233340e-05
4.986004765235502e-04	4.839468e-04
4.987978320727522e-04	1.144697e-03
4.989090637217175e-04	2.082317e-03
4.990299617443606e-04	3.888290e-03
4.991651084578757e-04	7.099860e-03
4.993530090986216e-04	1.402121e-02
4.995841452921630e-04	2.720106e-02
4.999086975464784e-04	5.249140e-02
5.000000000000000e-04	6.117571e-02
5.001168897394762e-04	7.346398e-02
5.002727427254445e-04	8.884640e-02
5.005844486973811e-04	1.164401e-01
5.012078606412543e-04	1.620431e-01
5.022976397695224e-04	2.230033e-01
5.034153986424520e-04	2.672724e-01
5.049149522796504e-04	3.070008e-01
5.065643693674607e-04	3.358719e-01
5.088976758644138e-04	3.618905e-01
5.116699718514602e-04	3.812256e-01
5.156640342665523e-04	3.979018e-01
5.206983671400201e-04	4.102146e-01
5.281988540798371e-04	4.204934e-01
5.379644790798371e-04	4.280913e-01
5.574957290798372e-04	4.352958e-01
6.063238540798372e-04	4.412894e-01
7.918707290798374e-04	4.457165e-01
1.500000000000000e-03	4.474733e-01
1.510000000000000e-03	4.474733e-01
9.529531249999839e-03	4.474733e-01
9.998281249999829e-03	4.474733e-01
1.000000000000000e-02	4.474733e-01
Step Information: Run=22  (Run: 22/100)
0.000000000000000e+00	0.000000e+00
4.900000000000001e-04	4.900490e-15
4.939101536135349e-04	4.939595e-15
4.958710858406046e-04	2.466267e-04
4.963261477403838e-04	1.162535e-03
4.965436855063648e-04	2.989191e-03
4.966639013709207e-04	5.404755e-03
4.967943637373189e-04	9.979376e-03
4.969507645523285e-04	1.858850e-02
4.971736513236178e-04	3.747545e-02
4.974768592489925e-04	7.655403e-02
4.979596494247486e-04	1.628783e-01
4.984491912425073e-04	2.686614e-01
4.990460570960631e-04	4.024000e-01
4.995869468715668e-04	5.112803e-01
5.000000000000000e-04	5.827804e-01
5.002234863665510e-04	6.075908e-01
5.005214681886190e-04	6.300762e-01
5.011174318327551e-04	6.580729e-01
5.017666466292427e-04	6.751460e-01
5.027592800206158e-04	6.884881e-01
5.040103547823317e-04	6.972932e-01
5.062282185355446e-04	7.049267e-01
5.092700056895772e-04	7.099255e-01
5.228991369172349e-04	7.162304e-01
6.693835119172350e-04	7.201014e-01
1.500000000000000e-03	7.206001e-01
1.510000000000000e-03	7.206001e-01
9.519765624999840e-03	7.206001e-01
9.998281249999829e-03	7.206001e-01
1.000000000000000e-02	7.206001e-01
Step Information: Run=23  (Run: 23/100)
0.000000000000000e+00	0.000000e+00
4.900000000000001e-04	4.900490e-15
4.968359375000001e-04	4.968856e-15
4.980733420197035e-04	8.358556e-04
4.986004665711451e-04	3.234465e-03
4.988222565295514e-04	6.478975e-03
4.990062170529958e-04	1.184130e-02
4.991971830647237e-04	2.093480e-02
4.994911034547003e-04	4.250314e-02
4.999132894423389e-04	8.372278e-02
5.000000000000000e-04	9.387711e-02
5.000844371975277e-04	1.041574e-01
5.002533115925831e-04	1.231967e-01
5.005910603826940e-04	1.557873e-01
5.010869740169740e-04	1.943399e-01
5.015951037764560e-04	2.238481e-01
5.025396834190889e-04	2.627244e-01
5.034840372776409e-04	2.892862e-01
5.049364060229089e-04	3.155519e-01
5.064891066026771e-04	3.335229e-01
5.089320410304371e-04	3.507612e-01
5.117765213110497e-04	3.628813e-01
5.162833618418807e-04	3.738379e-01
5.218976017906821e-04	3.815141e-01
5.310153383951895e-04	3.882264e-01
5.505465883951895e-04	3.946419e-01
6.091403383951896e-04	3.997575e-01
8.923434633951898e-04	4.029703e-01
1.500000000000000e-03	4.037178e-01
1.510000000000000e-03	4.037178e-01
9.549062499999839e-03	4.037178e-01
9.998281249999829e-03	4.037178e-01
1.000000000000000e-02	4.037178e-01
Step Information: Run=24  (Run: 24/100)
0.000000000000000e+00	0.000000e+00
4.900000000000001e-04	4.900490e-15
4.980733429451493e-04	4.981231e-15
4.986005183591199e-04	6.135274e-05
4.988076132437047e-04	2.403643e-04
4.989071999299732e-04	5.164195e-04
4.989863768095206e-04	9.576181e-04
4.990678625617762e-04	1.710350e-03
4.991792531298475e-04	3.313094e-03
4.993139647824484e-04	6.321355e-03
4.994938972194686e-04	1.254289e-02
4.997195553729828e-04	2.443185e-02
5.000000000000000e-04	4.379544e-02
5.000935094800659e-04	5.190642e-02
5.002181887868206e-04	6.221532e-02
5.004675474003298e-04	8.118992e-02
5.009662646273482e-04	1.136867e-01
5.019636990813850e-04	1.654148e-01
5.030595114445650e-04	2.073576e-01
5.045204171778118e-04	2.461133e-01
5.061254554743732e-04	2.750085e-01
5.083490284222042e-04	3.012714e-01
5.109910866125497e-04	3.213640e-01
5.147171843340651e-04	3.388946e-01
5.193803531158275e-04	3.521619e-01
5.261472801171611e-04	3.633193e-01
5.351226807672275e-04	3.718710e-01
5.448883057672275e-04	3.772890e-01
5.741851807672275e-04	3.846768e-01
6.425445557672276e-04	3.900992e-01
9.062164307672278e-04	3.938431e-01
1.500000000000000e-03	3.950202e-01
1.510000000000000e-03	3.950202e-01
9.519765624999840e-03	3.950202e-01
9.998281249999829e-03	3.950202e-01
1.000000000000000e-02	3.950202e-01
Step Information: Run=25  (Run: 25/100)
0.000000000000000e+00	0.000000e+00
4.900000000000001e-04	4.900490e-15
4.958711365923431e-04	4.959207e-15
4.963979411372040e-04	4.697082e-05
4.966453235624898e-04	2.024267e-04
4.967378147373437e-04	4.173151e-04
4.967997117599195e-04	7.411190e-04
4.968662827715596e-04	1.337942e-03
4.969473514280575e-04	2.487010e-03
4.970531360673783e-04	4.818793e-03
4.971834329152918e-04	9.284546e-03
4.973529250629952e-04	1.828662e-02
4.975703742861698e-04	3.613145e-02
4.978684079261725e-04	7.372478e-02
4.983124592124971e-04	1.540436e-01
4.988205177383805e-04	2.707815e-01
4.993400729816366e-04	4.002885e-01
4.999301207539781e-04	5.418929e-01
5.000000000000000e-04	5.571120e-01
5.001800280258061e-04	5.862495e-01
5.004200653935476e-04	6.142834e-01
5.009001401290305e-04	6.510510e-01
5.014687744403231e-04	6.764789e-01
5.022436602044073e-04	6.948442e-01
5.032161798556989e-04	7.071081e-01
5.046937824815619e-04	7.166342e-01
5.069364239002614e-04	7.237920e-01
5.104806540951706e-04	7.290156e-01
5.255057205341516e-04	7.351731e-01
6.719900955341517e-04	7.386272e-01
1.500000000000000e-03	7.391097e-01
1.510000000000000e-03	7.391097e-01
9.480703124999840e-03	7.391097e-01
9.998281249999829e-03	7.391097e-01
1.000000000000000e-02	7.391097e-01
Step Information: Run=26  (Run: 26/100)
0.000000000000000e+00	0.000000e+00
4.900000000000001e-04	4.900490e-15
4.967301198404927e-04	8.568456e-06
4.967877112392322e-04	3.353675e-05
4.968445964584473e-04	1.191822e-04
4.968771932738216e-04	2.102384e-04
4.969250455025700e-04	4.183177e-04
4.969841828180330e-04	8.169434e-04
4.970572870601029e-04	1.585179e-03
4.971484328405311e-04	3.074085e-03
4.972630592275297e-04	5.979591e-03
4.974076986844305e-04	1.166290e-02
4.975920469485648e-04	2.287556e-02
4.978305010655397e-04	4.526873e-02
4.981494888417007e-04	9.126388e-02
4.986139228397715e-04	1.874630e-01
4.991464286256876e-04	3.272444e-01
4.996510873143113e-04	4.718916e-01
5.000000000000000e-04	5.697712e-01
5.001832634733421e-04	6.072280e-01
5.004276147711315e-04	6.429656e-01
5.009163173667102e-04	6.891245e-01
5.014479413515395e-04	7.176959e-01
5.021773022375841e-04	7.376972e-01
5.030514129191301e-04	7.501395e-01
5.044933278732551e-04	7.602417e-01
5.064656618984601e-04	7.667543e-01
5.098773196298705e-04	7.715557e-01
5.236910138525591e-04	7.771012e-01
5.920503888525592e-04	7.804903e-01
1.500000000000000e-03	7.813900e-01
1.510000000000000e-03	7.811703e-01
9.431874999999841e-03	7.811703e-01
9.998281249999829e-03	7.811703e-01
1.000000000000000e-02	7.811703e-01
Step Information: Run=27  (Run: 27/100)
0.000000000000000e+00	0.000000e+00
4.900000000000001e-04	4.900490e-15
4.997634789959272e-04	4.580877e-06
4.998365987637243e-04	4.007654e-05
4.998692287647397e-04	7.623868e-05
4.999151454318772e-04	1.544551e-04
4.999610310710509e-04	2.675656e-04
5.000212413625047e-04	4.712995e-04
5.004460686125982e-04	2.078148e-03
5.008992176793646e-04	3.729497e-03
5.018055158128974e-04	6.853740e-03
5.036181120799631e-04	1.248850e-02
5.072433046140944e-04	2.211370e-02
5.119945899541549e-04	3.227650e-02
5.183586326645910e-04	4.267370e-02
5.259828268599628e-04	5.188344e-02
5.357484518599628e-04	6.045498e-02
5.455140768599628e-04	6.671750e-02
5.552797018599628e-04	7.137916e-02
5.650453268599628e-04	7.500996e-02
5.748109518599628e-04	7.792877e-02
5.943422018599629e-04	8.232184e-02
6.138734518599629e-04	8.546455e-02
6.431703268599629e-04	8.879022e-02
6.919984518599630e-04	9.230798e-02
7.603578268599630e-04	9.518130e-02
8.775453268599631e-04	9.780771e-02
1.102154701859963e-03	1.000707e-01
1.500000000000000e-03	1.016269e-01
1.510000000000000e-03	1.016269e-01
9.441640624999841e-03	1.016269e-01
9.998281249999829e-03	1.016269e-01
1.000000000000000e-02	1.016269e-01
Step Information: Run=28  (Run: 28/100)
0.000000000000000e+00	0.000000e+00
4.900000000000001e-04	4.900490e-15
4.944991594786305e-04	4.945486e-15
4.956771773936338e-04	7.622428e-05
4.959505618313398e-04	3.411634e-04
4.960816888026333e-04	8.558455e-04
4.961555317402008e-04	1.540315e-03
4.962360697459700e-04	2.843803e-03
4.963302655861276e-04	5.252282e-03
4.964561743532980e-04	1.024690e-02
4.966105457029522e-04	1.974899e-02
4.968149539049560e-04	3.920554e-02
4.970795999337969e-04	7.799139e-02
4.974609296391064e-04	1.612190e-01
4.980303510665840e-04	3.238823e-01
4.985165569892231e-04	4.758296e-01
4.990184752784803e-04	6.155867e-01
4.995459935053542e-04	7.236394e-01
5.000000000000000e-04	7.893438e-01
5.002303481288616e-04	8.052824e-01
5.005374789673437e-04	8.184190e-01
5.011517406443078e-04	8.328779e-01
5.019358056530511e-04	8.417642e-01
5.031473198246839e-04	8.476588e-01
5.049272471019565e-04	8.514384e-01
5.128323731378059e-04	8.559238e-01
5.901848658715693e-04	8.584539e-01
1.500000000000000e-03	8.588508e-01
1.510000000000000e-03	8.588508e-01
9.490468749999840e-03	8.588508e-01
9.998281249999829e-03	8.588508e-01
1.000000000000000e-02	8.588508e-01
Step Information: Run=29  (Run: 29/100)
0.000000000000000e+00	0.000000e+00
4.900000000000001e-04	4.900490e-15
5.000000000000000e-04	5.000500e-15
1.500000000000000e-03	1.500150e-14
1.510000000000000e-03	1.510151e-14
9.676015624999836e-03	9.676983e-14
9.998281249999829e-03	9.999281e-14
1.000000000000000e-02	1.000100e-13
Step Information: Run=30  (Run: 30/100)
0.000000000000000e+00	0.000000e+00
4.900000000000001e-04	4.900490e-15
4.939101538826869e-04	4.939595e-15
4.958710866480606e-04	1.323516e-04
4.963261553582491e-04	7.590845e-04
4.965417918887676e-04	2.119387e-03
4.966541277245445e-04	3.918699e-03
4.967736581058925e-04	7.334609e-03
4.969091395249725e-04	1.346594e-02
4.971013377294939e-04	2.688941e-02
4.973451961273679e-04	5.314439e-02
4.977119145915955e-04	1.127505e-01
4.982925246735450e-04	2.387200e-01
4.988201896528945e-04	3.679892e-01
4.994074137579433e-04	5.039949e-01
5.000000000000000e-04	6.208064e-01
5.001526025473506e-04	6.398046e-01
5.003560726104847e-04	6.584982e-01
5.007630127367528e-04	6.831911e-01
5.014025848107447e-04	7.057607e-01
5.021693678371483e-04	7.199744e-01
5.032830555620603e-04	7.302757e-01
5.048863035977947e-04	7.376645e-01
5.075500093723654e-04	7.434221e-01
5.179209417008981e-04	7.500761e-01
6.122137045534939e-04	7.540217e-01
1.500000000000000e-03	7.546720e-01
1.510000000000000e-03	7.546720e-01
9.509999999999840e-03	7.546720e-01
9.998281249999829e-03	7.546720e-01
1.000000000000000e-02	7.546720e-01
Step Information: Run=31  (Run: 31/100)
0.000000000000000e+00	0.000000e+00
4.900000000000001e-04	4.900490e-15
5.000000000000000e-04	5.000500e-15
1.500000000000000e-03	1.500150e-14
1.510000000000000e-03	1.510151e-14
9.568984374999839e-03	9.569942e-14
9.998671874999830e-03	9.999672e-14
1.000000000000000e-02	1.000100e-13
Step Information: Run=32  (Run: 32/100)
0.000000000000000e+00	0.000000e+00
4.900000000000001e-04	4.900490e-15
4.991885898866607e-04	7.599243e-06
4.993141364738891e-04	2.879384e-05
4.993683231422092e-04	6.029126e-05
4.994076900344889e-04	1.083108e-04
4.994498571352017e-04	1.945595e-04
4.995041148494382e-04	3.683284e-04
4.995710328399853e-04	7.021790e-04
4.996574221351400e-04	1.371954e-03
4.997624094350684e-04	2.638562e-03
4.998970535124493e-04	5.012871e-03
5.000000000000000e-04	7.339634e-03
5.002513424984288e-04	1.424615e-02
5.005194411634195e-04	2.131160e-02
5.010556384934011e-04	3.458003e-02
5.021280331533642e-04	5.813882e-02
5.042728224732904e-04	9.735263e-02
5.069979775546359e-04	1.360499e-01
5.105058519503500e-04	1.723718e-01
5.145823453794645e-04	2.020534e-01
5.197894916992368e-04	2.278802e-01
5.261952186768623e-04	2.490118e-01
5.346602792845786e-04	2.671474e-01
5.444259042845786e-04	2.807983e-01
5.541915292845786e-04	2.899033e-01
5.639571542845786e-04	2.962772e-01
5.834884042845786e-04	3.046025e-01
6.127852792845787e-04	3.116820e-01
6.713790292845787e-04	3.186244e-01
7.983321542845788e-04	3.243088e-01
1.159660279284579e-03	3.284655e-01
1.500000000000000e-03	3.296193e-01
1.510000000000000e-03	3.296193e-01
9.509999999999840e-03	3.296193e-01
9.998281249999829e-03	3.296193e-01
1.000000000000000e-02	3.296193e-01
Step Information: Run=33  (Run: 33/100)
0.000000000000000e+00	0.000000e+00
4.900000000000001e-04	4.900490e-15
4.929296875000001e-04	4.929790e-15
4.968359375000001e-04	6.277414e-03
4.977719317229276e-04	2.246965e-02
4.982289056286991e-04	4.938924e-02
4.985930605948991e-04	9.166357e-02
4.989668466574389e-04	1.582698e-01
4.995931009258326e-04	3.012789e-01
5.000000000000000e-04	4.054996e-01
5.000706687063413e-04	4.226240e-01
5.002120061190239e-04	4.534655e-01
5.004946809443890e-04	5.020295e-01
5.010600305951191e-04	5.698569e-01
5.016522676267370e-04	6.144143e-01
5.024530740138449e-04	6.489262e-01
5.033533397367559e-04	6.712452e-01
5.047408441356682e-04	6.902321e-01
5.064994520409140e-04	7.033260e-01
5.092979556159397e-04	7.139319e-01
5.131046528410363e-04	7.211027e-01
5.286327259304820e-04	7.304531e-01
6.067577259304820e-04	7.357405e-01
1.500000000000000e-03	7.374007e-01
1.510000000000000e-03	7.374007e-01
9.578359374999838e-03	7.374007e-01
9.998281249999829e-03	7.374007e-01
1.000000000000000e-02	7.374007e-01
Step Information: Run=34  (Run: 34/100)
0.000000000000000e+00	0.000000e+00
4.900000000000001e-04	4.900490e-15
5.000000000000000e-04	5.000500e-15
1.500000000000000e-03	1.500150e-14
1.510000000000000e-03	1.510151e-14
9.676015624999836e-03	9.676983e-14
9.998281249999829e-03	9.999281e-14
1.000000000000000e-02	1.000100e-13
Step Information: Run=35  (Run: 35/100)
0.000000000000000e+00	0.000000e+00
4.900000000000001e-04	4.900490e-15
4.929296875000001e-04	4.929790e-15
4.968359375000001e-04	7.491750e-03
4.977719315190357e-04	2.616120e-02
4.982370311090731e-04	5.687250e-02
4.986535576151970e-04	1.087321e-01
4.990728771972767e-04	1.828953e-01
4.995948082779515e-04	2.935458e-01
5.000000000000000e-04	3.854091e-01
5.001925730870237e-04	4.225082e-01
5.004493372030553e-04	4.604335e-01
5.009628654351186e-04	5.141934e-01
5.015413047550887e-04	5.529982e-01
5.023211273236096e-04	5.837658e-01
5.032259151596096e-04	6.043597e-01
5.046176823740983e-04	6.218777e-01
5.063525090973980e-04	6.340998e-01
5.090125892224793e-04	6.442086e-01
5.130133407613979e-04	6.523032e-01
5.256278455975787e-04	6.622828e-01
5.744559705975787e-04	6.682554e-01
1.500000000000000e-03	6.709141e-01
1.510000000000000e-03	6.709141e-01
9.578359374999838e-03	6.709141e-01
9.998281249999829e-03	6.709141e-01
1.000000000000000e-02	6.709141e-01
Step Information: Run=36  (Run: 36/100)
0.000000000000000e+00	0.000000e+00
4.900000000000001e-04	4.900490e-15
4.994876204730449e-04	5.964767e-06
4.995716941184269e-04	4.290323e-05
4.996111084614906e-04	8.816682e-05
4.996471953611541e-04	1.532261e-04
4.997046858186915e-04	3.130580e-04
4.997636871332154e-04	5.671241e-04
4.998475750331529e-04	1.128496e-03
4.999515724638569e-04	2.102706e-03
5.000000000000000e-04	2.670289e-03
5.001979542166946e-04	5.377505e-03
5.004091053811687e-04	8.148901e-03
5.008314077101171e-04	1.336204e-02
5.016760123680138e-04	2.266866e-02
5.033652216838072e-04	3.838424e-02
5.054401822780584e-04	5.373332e-02
5.082829025788750e-04	6.958318e-02
5.116013202245728e-04	8.311874e-02
5.159818912125814e-04	9.579054e-02
5.213418103188610e-04	1.065507e-01
5.285483457102128e-04	1.162920e-01
5.376500882384689e-04	1.244927e-01
5.474157132384689e-04	1.303666e-01
5.571813382384689e-04	1.344256e-01
5.767125882384690e-04	1.397313e-01
6.060094632384690e-04	1.443075e-01
6.548375882384690e-04	1.482695e-01
7.427282132384691e-04	1.514941e-01
9.380407132384693e-04	1.540890e-01
1.500000000000000e-03	1.559291e-01
1.510000000000000e-03	1.559291e-01
9.480703124999840e-03	1.559291e-01
9.998281249999829e-03	1.559291e-01
1.000000000000000e-02	1.559291e-01
Step Information: Run=37  (Run: 37/100)
0.000000000000000e+00	0.000000e+00
4.900000000000001e-04	4.900490e-15
4.980733438970182e-04	4.981231e-15
4.988060819752964e-04	6.757118e-05
4.990570297352068e-04	2.537898e-04
4.991638118042699e-04	5.220501e-04
4.992435093648563e-04	9.379069e-04
4.993283214345407e-04	1.677149e-03
4.994392961101610e-04	3.191552e-03
4.995770121523274e-04	6.112775e-03
4.997530100356170e-04	1.191122e-02
4.999743691336135e-04	2.173167e-02
5.000000000000000e-04	2.311107e-02
5.002020490363250e-04	3.501952e-02
5.004329622206962e-04	4.805235e-02
5.008947885894389e-04	7.238357e-02
5.018184413269241e-04	1.149695e-01
5.036657468018946e-04	1.837827e-01
5.060550888445477e-04	2.499241e-01
5.088723944306144e-04	3.035701e-01
5.121185857860383e-04	3.443483e-01
5.161273339543375e-04	3.766848e-01
5.211495456408498e-04	4.020757e-01
5.277335252906508e-04	4.222949e-01
5.364180392046053e-04	4.382471e-01
5.461836642046053e-04	4.491141e-01
5.657149142046053e-04	4.606134e-01
6.047774142046053e-04	4.700430e-01
6.926680392046054e-04	4.768818e-01
1.014933664204606e-03	4.817521e-01
1.500000000000000e-03	4.831117e-01
1.510000000000000e-03	4.831117e-01
9.529531249999839e-03	4.831117e-01
9.998281249999829e-03	4.831117e-01
1.000000000000000e-02	4.831117e-01
Step Information: Run=38  (Run: 38/100)
0.000000000000000e+00	0.000000e+00
4.900000000000001e-04	4.900490e-15
5.000000000000000e-04	5.000500e-15
1.500000000000000e-03	1.500150e-14
1.510000000000000e-03	1.510151e-14
9.676015624999836e-03	9.676983e-14
9.998281249999829e-03	9.999281e-14
1.000000000000000e-02	1.000100e-13
Step Information: Run=39  (Run: 39/100)
0.000000000000000e+00	0.000000e+00
4.900000000000001e-04	4.900490e-15
4.968359375000001e-04	4.968856e-15
4.980733419788305e-04	5.620946e-04
4.986004677325580e-04	2.218968e-03
4.988102067616403e-04	4.444301e-03
4.989700151961843e-04	7.967763e-03
4.991389765798211e-04	1.415704e-02
4.993754134498232e-04	2.760057e-02
4.996885429505804e-04	5.362659e-02
5.000000000000000e-04	8.661523e-02
5.001461290442169e-04	1.046601e-01
5.003409677698394e-04	1.263807e-01
5.007306452210844e-04	1.630413e-01
5.015100001235743e-04	2.204728e-01
5.023324443332010e-04	2.643912e-01
5.034746134399532e-04	3.057457e-01
5.047214834394705e-04	3.358153e-01
5.064740953324325e-04	3.629307e-01
5.085555977787962e-04	3.832648e-01
5.115573450660956e-04	4.010180e-01
5.153322163020422e-04	4.142400e-01
5.209307141568414e-04	4.253270e-01
5.284123545432254e-04	4.336074e-01
5.381779795432254e-04	4.396380e-01
5.674748545432255e-04	4.469822e-01
6.553654795432255e-04	4.521539e-01
1.221771729543226e-03	4.552465e-01
1.500000000000000e-03	4.554800e-01
1.510000000000000e-03	4.554800e-01
9.549062499999839e-03	4.554799e-01
9.998281249999829e-03	4.554799e-01
1.000000000000000e-02	4.554799e-01
Step Information: Run=40  (Run: 40/100)
0.000000000000000e+00	0.000000e+00
4.900000000000001e-04	4.900490e-15
4.998010481982424e-04	9.647701e-06
4.998794146398234e-04	7.018256e-05
4.999206216127335e-04	1.361253e-04
4.999635358608024e-04	2.354772e-04
5.000200222543209e-04	4.138912e-04
5.004204673407381e-04	1.810402e-03
5.008476087662497e-04	3.218125e-03
5.017018916172730e-04	5.812807e-03
5.034104573193196e-04	1.034005e-02
5.062329872815761e-04	1.650895e-02
5.096578409022284e-04	2.234995e-02
5.141655381629334e-04	2.810915e-02
5.195195241586458e-04	3.311086e-02
5.266951550012076e-04	3.788034e-02
5.355691128535899e-04	4.202911e-02
5.453347378535899e-04	4.522722e-02
5.551003628535899e-04	4.752676e-02
5.648659878535900e-04	4.926381e-02
5.843972378535900e-04	5.173460e-02
6.136941128535900e-04	5.404924e-02
6.527566128535900e-04	5.588408e-02
7.211159878535901e-04	5.763676e-02
8.383034878535902e-04	5.906365e-02
1.082444112853590e-03	6.023756e-02
1.500000000000000e-03	6.093558e-02
1.510000000000000e-03	6.093558e-02
9.461171874999841e-03	6.093558e-02
9.998281249999829e-03	6.093558e-02
1.000000000000000e-02	6.093558e-02
Step Information: Run=41  (Run: 41/100)
0.000000000000000e+00	0.000000e+00
4.900000000000001e-04	4.900490e-15
4.996852112428668e-04	6.122172e-06
4.997509512777458e-04	4.119774e-05
4.997866660900978e-04	8.136257e-05
4.998288445213859e-04	1.552359e-04
4.998751667719083e-04	2.818161e-04
4.999432085367224e-04	5.549756e-04
5.000085084613057e-04	9.034594e-04
5.002637623004784e-04	2.532706e-03
5.005360330622627e-04	4.206532e-03
5.010805745858311e-04	7.372006e-03
5.021696576329678e-04	1.307846e-02
5.043478237272415e-04	2.282633e-02
5.071906611296929e-04	3.308285e-02
5.110158538008399e-04	4.364058e-02
5.156025335381083e-04	5.302038e-02
5.215405099020328e-04	6.175893e-02
5.289470385677231e-04	6.942808e-02
5.387126635677231e-04	7.644645e-02
5.484782885677231e-04	8.135679e-02
5.582439135677231e-04	8.487989e-02
5.680095385677231e-04	8.756090e-02
5.875407885677232e-04	9.139989e-02
6.168376635677232e-04	9.502345e-02
6.559001635677232e-04	9.791376e-02
7.242595385677233e-04	1.006884e-01
8.512126635677234e-04	1.030791e-01
1.124650163567724e-03	1.049928e-01
1.500000000000000e-03	1.059355e-01
1.510000000000000e-03	1.059355e-01
9.461171874999841e-03	1.059355e-01
9.998281249999829e-03	1.059355e-01
1.000000000000000e-02	1.059355e-01
Step Information: Run=42  (Run: 42/100)
0.000000000000000e+00	0.000000e+00
4.900000000000001e-04	4.900490e-15
4.929296875000001e-04	4.929790e-15
4.968359375000001e-04	2.409432e-03
4.977719339725811e-04	9.800394e-03
4.982185710791011e-04	2.324118e-02
4.985074498667987e-04	4.211514e-02
4.988103411487596e-04	7.482363e-02
4.993287435561569e-04	1.534258e-01
5.000000000000000e-04	2.754526e-01
5.001030975675113e-04	2.941673e-01
5.003092927025336e-04	3.268894e-01
5.007216829725785e-04	3.771459e-01
5.013023317878598e-04	4.261510e-01
5.019745057269723e-04	4.624508e-01
5.028247295186852e-04	4.907436e-01
5.039198406631453e-04	5.128707e-01
5.054403486163215e-04	5.309542e-01
5.075038396077873e-04	5.449178e-01
5.104664749260893e-04	5.558482e-01
5.147057313767882e-04	5.640611e-01
5.211471792981934e-04	5.702696e-01
5.406784292981934e-04	5.771909e-01
6.285690542981935e-04	5.822901e-01
1.500000000000000e-03	5.842925e-01
1.510000000000000e-03	5.842925e-01
9.578359374999838e-03	5.842925e-01
9.998281249999829e-03	5.842925e-01
1.000000000000000e-02	5.842925e-01
Step Information: Run=43  (Run: 43/100)
0.000000000000000e+00	0.000000e+00
4.900000000000001e-04	4.900490e-15
4.944979584240186e-04	6.806202e-06
4.946819123689681e-04	4.830373e-05
4.947584131626832e-04	1.376928e-04
4.947981337526025e-04	2.629122e-04
4.948391400440484e-04	4.989693e-04
4.948828904059996e-04	9.034997e-04
4.949432917472595e-04	1.771793e-03
4.950142052269198e-04	3.357705e-03
4.951080310402828e-04	6.614089e-03
4.952216351609415e-04	1.273616e-02
4.953708391861798e-04	2.518130e-02
4.955592478628677e-04	4.945612e-02
4.958160087703543e-04	1.002137e-01
4.961858938724043e-04	2.030907e-01
4.965047043340620e-04	3.147075e-01
4.967880138659237e-04	4.251532e-01
4.970848046137138e-04	5.370760e-01
4.974228755265896e-04	6.451920e-01
4.977682192935556e-04	7.267844e-01
4.982001579498500e-04	7.927760e-01
4.987744234066007e-04	8.451384e-01
4.994961808865742e-04	8.851569e-01
5.000000000000000e-04	9.048836e-01
5.002548175395363e-04	9.099444e-01
5.005945742589179e-04	9.138091e-01
5.012740876976812e-04	9.175757e-01
5.026331145752077e-04	9.206085e-01
5.079138246369258e-04	9.228629e-01
6.412834217306383e-04	9.243319e-01
1.500000000000000e-03	9.244055e-01
1.510000000000000e-03	9.244055e-01
9.393203124999843e-03	9.244055e-01
9.998671874999830e-03	9.244055e-01
1.000000000000000e-02	9.244055e-01
Step Information: Run=44  (Run: 44/100)
0.000000000000000e+00	0.000000e+00
4.900000000000001e-04	4.900490e-15
4.991885903173980e-04	3.658699e-06
4.993672167291440e-04	3.380886e-05
4.994374119032065e-04	1.102016e-04
4.994810491982470e-04	2.037868e-04
4.995372037613513e-04	3.915743e-04
4.996084132244335e-04	7.616988e-04
4.996954564170469e-04	1.466388e-03
4.998054105588775e-04	2.849824e-03
4.999418464168661e-04	5.251024e-03
5.000000000000000e-04	6.525866e-03
5.002590599337815e-04	1.316814e-02
5.005353905298151e-04	2.009348e-02
5.010880517218821e-04	3.346595e-02
5.021933741060162e-04	5.841610e-02
5.044040188742845e-04	1.020174e-01
5.088253084108209e-04	1.724666e-01
5.142951011494944e-04	2.372328e-01
5.209010413913153e-04	2.910693e-01
5.283377312558802e-04	3.311760e-01
5.376718804826770e-04	3.638146e-01
5.474375054826770e-04	3.861141e-01
5.572031304826770e-04	4.010112e-01
5.669687554826770e-04	4.116148e-01
5.865000054826770e-04	4.257054e-01
6.157968804826771e-04	4.377803e-01
6.646250054826771e-04	4.480409e-01
7.622812554826772e-04	4.566947e-01
1.006421880482677e-03	4.633285e-01
1.500000000000000e-03	4.666567e-01
1.510000000000000e-03	4.666567e-01
9.509999999999840e-03	4.666567e-01
9.998281249999829e-03	4.666567e-01
1.000000000000000e-02	4.666567e-01
Step Information: Run=45  (Run: 45/100)
0.000000000000000e+00	0.000000e+00
4.900000000000001e-04	4.900490e-15
5.000000000000000e-04	5.000500e-15
1.500000000000000e-03	1.500150e-14
1.510000000000000e-03	1.510151e-14
9.588124999999838e-03	9.589084e-14
9.998281249999829e-03	9.999281e-14
1.000000000000000e-02	1.000100e-13
Step Information: Run=46  (Run: 46/100)
0.000000000000000e+00	0.000000e+00
4.900000000000001e-04	4.900490e-15
5.000000000000000e-04	5.000500e-15
1.500000000000000e-03	1.500150e-14
1.510000000000000e-03	1.510151e-14
9.627187499999837e-03	9.628150e-14
9.998281249999829e-03	9.999281e-14
1.000000000000000e-02	1.000100e-13
Step Information: Run=47  (Run: 47/100)
0.000000000000000e+00	0.000000e+00
4.900000000000001e-04	4.900490e-15
5.000000000000000e-04	5.000500e-15
1.500000000000000e-03	1.500150e-14
1.510000000000000e-03	1.510151e-14
9.636953124999837e-03	9.637917e-14
9.998281249999829e-03	9.999281e-14
1.000000000000000e-02	1.000100e-13
Step Information: Run=48  (Run: 48/100)
0.000000000000000e+00	0.000000e+00
4.900000000000001e-04	4.900490e-15
4.945078389386818e-04	7.091396e-06
4.945514319711097e-04	4.389518e-05
4.945716314438182e-04	8.298563e-05
4.945967505361997e-04	1.582140e-04
4.946247044092358e-04	2.886608e-04
4.946648707144477e-04	5.797175e-04
4.947148564958265e-04	1.141577e-03
4.947761117603944e-04	2.214828e-03
4.948534377260685e-04	4.318385e-03
4.949508242220163e-04	8.424271e-03
4.950757761440836e-04	1.657522e-02
4.952378948448616e-04	3.290290e-02
4.954571168923037e-04	6.686886e-02
4.957804369884768e-04	1.402897e-01
4.962145182291336e-04	2.688807e-01
4.966484905810670e-04	4.124664e-01
4.971279725376414e-04	5.619009e-01
4.976162323802464e-04	6.825373e-01
4.982343758797086e-04	7.890570e-01
4.989061354227389e-04	8.653705e-01
4.996319648192202e-04	9.216970e-01
5.000000000000000e-04	9.439321e-01
5.006174751445885e-04	9.605858e-01
5.013231610241181e-04	9.684135e-01
5.025457234875839e-04	9.744834e-01
5.073786275829505e-04	9.802215e-01
6.008834456472904e-04	9.836560e-01
1.500000000000000e-03	9.839182e-01
1.510000000000000e-03	9.839182e-01
9.402578124999842e-03	9.839182e-01
9.998281249999829e-03	9.839182e-01
1.000000000000000e-02	9.839182e-01
Step Information: Run=49  (Run: 49/100)
0.000000000000000e+00	0.000000e+00
4.900000000000001e-04	4.900490e-15
4.989415346110892e-04	6.969393e-06
4.990061891291332e-04	4.413561e-05
4.990392651871724e-04	8.472343e-05
4.990735936093917e-04	1.518117e-04
4.991332305038067e-04	3.312333e-04
4.991878158037478e-04	5.887465e-04
4.992710760464881e-04	1.200229e-03
4.993674778936030e-04	2.298701e-03
4.994953188785354e-04	4.560467e-03
4.996495872580334e-04	8.796616e-03
4.998540776420342e-04	1.692181e-02
5.000000000000000e-04	2.429384e-02
5.001815391375095e-04	3.523324e-02
5.003890124375204e-04	4.704935e-02
5.008039590375422e-04	6.894611e-02
5.014132209745287e-04	9.789316e-02
5.020374912959287e-04	1.233878e-01
5.031979666430368e-04	1.615176e-01
5.051554473012889e-04	2.104051e-01
5.072756962819681e-04	2.478889e-01
5.100709230620600e-04	2.810765e-01
5.132681100228956e-04	3.061818e-01
5.177255469034952e-04	3.285692e-01
5.231815093207112e-04	3.457270e-01
5.309342825597186e-04	3.604060e-01
5.406999075597186e-04	3.716213e-01
5.504655325597186e-04	3.785679e-01
5.699967825597187e-04	3.863066e-01
6.090592825597187e-04	3.933655e-01
7.067155325597188e-04	3.993106e-01
1.058278032559719e-03	4.034137e-01
1.500000000000000e-03	4.044612e-01
1.510000000000000e-03	4.044612e-01
9.392812499999842e-03	4.044612e-01
9.998281249999829e-03	4.044612e-01
1.000000000000000e-02	4.044612e-01
Step Information: Run=50  (Run: 50/100)
0.000000000000000e+00	0.000000e+00
4.900000000000001e-04	4.900490e-15
4.994146778514466e-04	7.701790e-06
4.994827914910694e-04	4.596564e-05
4.995175890337245e-04	8.793866e-05
4.995541668361630e-04	1.581320e-04
4.996177247293892e-04	3.459183e-04
4.996751725589016e-04	6.124466e-04
4.997640601881183e-04	1.254291e-03
4.998662822741366e-04	2.395288e-03
5.000000000000000e-04	4.384844e-03
5.002052590533338e-04	8.330755e-03
5.004242020435564e-04	1.237349e-02
5.008620880240019e-04	1.998506e-02
5.017378599848927e-04	3.358261e-02
5.034894039066744e-04	5.647747e-02
5.057279265502615e-04	7.959807e-02
5.086851573870010e-04	1.023840e-01
5.121675574279378e-04	1.217375e-01
5.166586299725917e-04	1.391925e-01
5.222088920277338e-04	1.539300e-01
5.295577950187523e-04	1.668648e-01
5.389398245894993e-04	1.777255e-01
5.487054495894993e-04	1.852489e-01
5.584710745894993e-04	1.904324e-01
5.780023245894994e-04	1.970804e-01
6.072991995894994e-04	2.026718e-01
6.561273245894994e-04	2.074280e-01
7.537835745894995e-04	2.115366e-01
9.979241995894997e-04	2.148044e-01
1.500000000000000e-03	2.165182e-01
1.510000000000000e-03	2.165182e-01
9.470937499999841e-03	2.165182e-01
9.998281249999829e-03	2.165182e-01
1.000000000000000e-02	2.165182e-01
Step Information: Run=51  (Run: 51/100)
0.000000000000000e+00	0.000000e+00
4.900000000000001e-04	4.900490e-15
4.994161610007272e-04	5.214808e-06
4.995300769920433e-04	3.644594e-05
4.995641898876417e-04	6.810175e-05
4.995991275988227e-04	1.213293e-04
4.996497394860532e-04	2.413176e-04
4.997059246770870e-04	4.477694e-04
4.997795870780734e-04	8.702811e-04
4.998763597945837e-04	1.729268e-03
4.999919496256651e-04	3.106177e-03
5.002254349970280e-04	6.775825e-03
5.004658989938577e-04	1.044757e-02
5.009468269875174e-04	1.744842e-02
5.019086829748365e-04	3.023613e-02
5.038323949494750e-04	5.216097e-02
5.070041984245392e-04	8.126434e-02
5.106264467559550e-04	1.064297e-01
5.153380137481407e-04	1.301207e-01
5.208505114753757e-04	1.497272e-01
5.282249537516402e-04	1.677231e-01
5.372488309866504e-04	1.827056e-01
5.470144559866504e-04	1.937466e-01
5.567800809866504e-04	2.014538e-01
5.665457059866504e-04	2.070791e-01
5.860769559866505e-04	2.148309e-01
6.153738309866505e-04	2.218733e-01
6.642019559866505e-04	2.282509e-01
7.520925809866506e-04	2.336317e-01
9.376394559866508e-04	2.379480e-01
1.445451955986651e-03	2.411080e-01
1.500000000000000e-03	2.412564e-01
1.510000000000000e-03	2.412564e-01
9.500234374999840e-03	2.412564e-01
9.998281249999829e-03	2.412564e-01
1.000000000000000e-02	2.412564e-01
Step Information: Run=52  (Run: 52/100)
0.000000000000000e+00	0.000000e+00
4.900000000000001e-04	4.900490e-15
4.968450696086010e-04	5.241719e-06
4.969010825622948e-04	4.252960e-05
4.969284399372703e-04	8.276939e-05
4.969612343059611e-04	1.571694e-04
4.970000253439851e-04	2.935732e-04
4.970526996893900e-04	5.814431e-04
4.971219781202326e-04	1.167387e-03
4.972042135878915e-04	2.251060e-03
4.973124472948385e-04	4.460786e-03
4.974483161151059e-04	8.751662e-03
4.976320933098517e-04	1.770501e-02
4.978839236309727e-04	3.665183e-02
4.982915137006960e-04	8.115449e-02
4.987877316119460e-04	1.517577e-01
4.993995915298221e-04	2.513873e-01
5.000000000000000e-04	3.520619e-01
5.001458852558417e-04	3.723637e-01
5.003403989302974e-04	3.939146e-01
5.007294262792087e-04	4.257436e-01
5.012979827046581e-04	4.570989e-01
5.020069047019643e-04	4.812822e-01
5.029585930892461e-04	5.003178e-01
5.042317756300759e-04	5.150090e-01
5.060121288435691e-04	5.268143e-01
5.085124680547504e-04	5.360847e-01
5.126756531668471e-04	5.442266e-01
5.184099804668931e-04	5.499176e-01
5.375212271307254e-04	5.571516e-01
6.058806021307254e-04	5.619987e-01
1.500000000000000e-03	5.641823e-01
1.510000000000000e-03	5.641823e-01
9.295546874999845e-03	5.641822e-01
9.998671874999830e-03	5.641822e-01
1.000000000000000e-02	5.641822e-01
Step Information: Run=53  (Run: 53/100)
0.000000000000000e+00	0.000000e+00
4.900000000000001e-04	4.900490e-15
5.000000000000000e-04	5.000500e-15
1.500000000000000e-03	1.500150e-14
1.510000000000000e-03	1.510151e-14
9.646718749999837e-03	9.647684e-14
9.998281249999829e-03	9.999281e-14
1.000000000000000e-02	1.000100e-13
Step Information: Run=54  (Run: 54/100)
0.000000000000000e+00	0.000000e+00
4.900000000000001e-04	4.900490e-15
4.948387789754115e-04	4.948883e-15
4.955204024833565e-04	6.157389e-05
4.956785877829563e-04	2.205964e-04
4.957567623189372e-04	4.881684e-04
4.958134719365078e-04	8.878533e-04
4.958741142218207e-04	1.600935e-03
4.959519898666919e-04	3.030958e-03
4.960498385734509e-04	5.821364e-03
4.961770636759010e-04	1.144553e-02
4.963357424191960e-04	2.232074e-02
4.965461030815024e-04	4.457376e-02
4.968286946427254e-04	9.046384e-02
4.972654030791013e-04	1.905243e-01
4.977008934143724e-04	3.143665e-01
4.981563073228358e-04	4.512401e-01
4.986804615323362e-04	5.894880e-01
4.992218952330871e-04	6.927839e-01
5.000000000000000e-04	7.954416e-01
5.002625994538304e-04	8.100213e-01
5.006127320589378e-04	8.218213e-01
5.013129972691524e-04	8.346069e-01
5.022164097850819e-04	8.424555e-01
5.036435468996577e-04	8.477293e-01
5.099109908924491e-04	8.537545e-01
5.460027895410027e-04	8.568915e-01
1.500000000000000e-03	8.577221e-01
1.510000000000000e-03	8.577221e-01
9.480703124999840e-03	8.577221e-01
9.998281249999829e-03	8.577221e-01
1.000000000000000e-02	8.577221e-01
Step Information: Run=55  (Run: 55/100)
0.000000000000000e+00	0.000000e+00
4.900000000000001e-04	4.900490e-15
5.000000000000000e-04	5.000500e-15
1.500000000000000e-03	1.500150e-14
1.510000000000000e-03	1.510151e-14
9.627187499999837e-03	9.628150e-14
9.998281249999829e-03	9.999281e-14
1.000000000000000e-02	1.000100e-13
Step Information: Run=56  (Run: 56/100)
0.000000000000000e+00	0.000000e+00
4.900000000000001e-04	4.900490e-15
4.968359375000001e-04	4.968856e-15
4.977734542554104e-04	2.011102e-04
4.982353189975875e-04	8.745713e-04
4.984057313460146e-04	1.787695e-03
4.985215547600475e-04	3.177136e-03
4.986458687338505e-04	5.726719e-03
4.988000253477279e-04	1.071008e-02
4.989987678126922e-04	2.068983e-02
4.992528867111512e-04	4.045476e-02
4.995901295889950e-04	8.010527e-02
5.000000000000000e-04	1.426862e-01
5.001421229119472e-04	1.691777e-01
5.003316201278767e-04	2.018426e-01
5.007106145597358e-04	2.586230e-01
5.014686034234539e-04	3.472098e-01
5.026883657318705e-04	4.472265e-01
5.038534503366764e-04	5.075714e-01
5.053454440728795e-04	5.530390e-01
5.069579988052236e-04	5.821707e-01
5.093028289531455e-04	6.063820e-01
5.121641066054592e-04	6.230551e-01
5.165090594484710e-04	6.364922e-01
5.222335081247798e-04	6.454996e-01
5.315305760461728e-04	6.526076e-01
5.608274510461728e-04	6.608416e-01
6.780149510461729e-04	6.661947e-01
1.500000000000000e-03	6.682178e-01
1.510000000000000e-03	6.677172e-01
9.529531249999839e-03	6.677172e-01
9.998281249999829e-03	6.677172e-01
1.000000000000000e-02	6.677172e-01
Step Information: Run=57  (Run: 57/100)
0.000000000000000e+00	0.000000e+00
4.900000000000001e-04	4.900490e-15
4.973432490045083e-04	4.973930e-15
4.978908912348682e-04	1.803029e-05
4.981086026983868e-04	7.850096e-05
4.981936982746734e-04	1.705995e-04
4.982469947761673e-04	3.042867e-04
4.983046304303206e-04	5.544986e-04
4.983729364381456e-04	1.024302e-03
4.984636331855713e-04	1.994062e-03
4.985737062913971e-04	3.824777e-03
4.987178811621751e-04	7.542368e-03
4.988999661898174e-04	1.480869e-02
4.991464742903160e-04	2.998008e-02
4.994905855625293e-04	6.202679e-02
5.000000000000000e-04	1.231606e-01
5.000597634798516e-04	1.317010e-01
5.001792904395547e-04	1.477470e-01
5.004183443589610e-04	1.755490e-01
5.008964521977736e-04	2.196486e-01
5.015670953987914e-04	2.649210e-01
5.023504120639794e-04	3.010118e-01
5.033178440074969e-04	3.303433e-01
5.045398242988959e-04	3.542718e-01
5.061695375126960e-04	3.742449e-01
5.083202663238335e-04	3.900256e-01
5.113255240691170e-04	4.027565e-01
5.152638671240443e-04	4.124111e-01
5.209243639039566e-04	4.203670e-01
5.297900771964266e-04	4.274349e-01
5.485980640715759e-04	4.339450e-01
6.071918140715760e-04	4.390635e-01
9.587543140715763e-04	4.422129e-01
1.500000000000000e-03	4.427311e-01
1.510000000000000e-03	4.427311e-01
9.255909886261337e-03	4.427311e-01
9.998097386261321e-03	4.427311e-01
1.000000000000000e-02	4.427311e-01
Step Information: Run=58  (Run: 58/100)
0.000000000000000e+00	0.000000e+00
4.900000000000001e-04	4.900490e-15
5.000000000000000e-04	5.000500e-15
1.500000000000000e-03	1.500150e-14
1.510000000000000e-03	1.510151e-14
9.627187499999837e-03	9.628150e-14
9.998281249999829e-03	9.999281e-14
1.000000000000000e-02	1.000100e-13
Step Information: Run=59  (Run: 59/100)
0.000000000000000e+00	0.000000e+00
4.900000000000001e-04	4.900490e-15
5.000000000000000e-04	5.000500e-15
1.500000000000000e-03	1.500150e-14
1.510000000000000e-03	1.510151e-14
9.568984374999839e-03	9.569942e-14
9.998671874999830e-03	9.999672e-14
1.000000000000000e-02	1.000100e-13
Step Information: Run=60  (Run: 60/100)
0.000000000000000e+00	0.000000e+00
4.900000000000001e-04	4.900490e-15
4.968359375000001e-04	4.968856e-15
4.980733421075452e-04	4.904524e-05
4.986004792266077e-04	3.145419e-04
4.987955186811413e-04	8.155337e-04
4.989003288857296e-04	1.534782e-03
4.990110933307439e-04	2.911128e-03
4.991293873817807e-04	5.268269e-03
4.992949318780324e-04	1.039034e-02
4.994918357242627e-04	1.984554e-02
4.997604677199418e-04	3.890697e-02
5.000000000000000e-04	6.075841e-02
5.001027846305281e-04	7.225407e-02
5.002398308045654e-04	8.699495e-02
5.005139231526402e-04	1.144903e-01
5.010621078487898e-04	1.624662e-01
5.021584772410890e-04	2.389755e-01
5.036973593458773e-04	3.171139e-01
5.053756791991720e-04	3.739474e-01
5.073841175755485e-04	4.170626e-01
5.097441011598822e-04	4.486250e-01
5.128556334132447e-04	4.738427e-01
5.168289374436149e-04	4.927781e-01
5.223322516052520e-04	5.073789e-01
5.299065821657704e-04	5.182822e-01
5.396722071657704e-04	5.262051e-01
5.592034571657704e-04	5.342178e-01
6.177972071657704e-04	5.418379e-01
8.619378321657707e-04	5.465208e-01
1.500000000000000e-03	5.478588e-01
1.510000000000000e-03	5.471846e-01
9.529531249999839e-03	5.471846e-01
9.998281249999829e-03	5.471846e-01
1.000000000000000e-02	5.471846e-01
Step Information: Run=61  (Run: 61/100)
0.000000000000000e+00	0.000000e+00
4.900000000000001e-04	4.900490e-15
4.998145578759950e-04	5.658675e-06
4.998862641546596e-04	4.674377e-05
4.999222088505093e-04	9.099779e-05
5.000000000000000e-04	2.502917e-04
5.003136145299601e-04	1.153102e-03
5.006322070683323e-04	2.038080e-03
5.012693921450768e-04	3.718293e-03
5.025437622985656e-04	6.768221e-03
5.050925026055433e-04	1.201506e-02
5.086227681173294e-04	1.791947e-02
5.132569966768034e-04	2.389194e-02
5.189458574929199e-04	2.935007e-02
5.261535484034142e-04	3.435670e-02
5.353050151509497e-04	3.889766e-02
5.450706401509498e-04	4.235794e-02
5.548362651509498e-04	4.488171e-02
5.646018901509498e-04	4.681140e-02
5.743675151509498e-04	4.834323e-02
5.938987651509498e-04	5.061714e-02
6.231956401509498e-04	5.285880e-02
6.622581401509499e-04	5.471881e-02
7.306175151509499e-04	5.656879e-02
8.478050151509500e-04	5.813042e-02
1.072414390150950e-03	5.938844e-02
1.500000000000000e-03	6.024691e-02
1.510000000000000e-03	6.024691e-02
9.461171874999841e-03	6.024691e-02
9.998281249999829e-03	6.024691e-02
1.000000000000000e-02	6.024691e-02
Step Information: Run=62  (Run: 62/100)
0.000000000000000e+00	0.000000e+00
4.900000000000001e-04	4.900490e-15
4.966456293756942e-04	3.137828e-06
4.967655618861253e-04	2.658793e-05
4.968157698198330e-04	8.573941e-05
4.968521072473575e-04	1.694617e-04
4.968876129100783e-04	2.977748e-04
4.969404861924569e-04	5.951619e-04
4.970050795214810e-04	1.158258e-03
4.970863244641682e-04	2.261134e-03
4.971873480195240e-04	4.390860e-03
4.973167860484664e-04	8.617572e-03
4.974823355299916e-04	1.697754e-02
4.977017011663454e-04	3.406283e-02
4.980047727645228e-04	7.038404e-02
4.984922708250473e-04	1.529065e-01
4.989839969270777e-04	2.567780e-01
4.995352715284224e-04	3.835487e-01
5.000000000000000e-04	4.888244e-01
5.001788133398595e-04	5.197231e-01
5.004172311263388e-04	5.506536e-01
5.008940666992976e-04	5.932731e-01
5.014751513170077e-04	6.255122e-01
5.022440180365211e-04	6.498243e-01
5.032024470423450e-04	6.668996e-01
5.046541219969366e-04	6.809952e-01
5.066599804171549e-04	6.913138e-01
5.097940828461640e-04	6.993459e-01
5.143733686498175e-04	7.049732e-01
5.317524659593859e-04	7.118517e-01
6.782368409593860e-04	7.162290e-01
1.500000000000000e-03	7.170102e-01
1.510000000000000e-03	7.170102e-01
9.431874999999841e-03	7.170102e-01
9.998281249999829e-03	7.170102e-01
1.000000000000000e-02	7.170102e-01
Step Information: Run=63  (Run: 63/100)
0.000000000000000e+00	0.000000e+00
4.900000000000001e-04	4.900490e-15
5.000000000000000e-04	5.000500e-15
1.500000000000000e-03	1.500150e-14
1.510000000000000e-03	1.510151e-14
9.695546874999836e-03	9.696517e-14
9.998281249999829e-03	9.999281e-14
1.000000000000000e-02	1.000100e-13
Step Information: Run=64  (Run: 64/100)
0.000000000000000e+00	0.000000e+00
4.900000000000001e-04	4.900490e-15
5.000000000000000e-04	5.000500e-15
1.500000000000000e-03	1.500150e-14
1.510000000000000e-03	1.510151e-14
9.695546874999836e-03	9.696517e-14
9.998281249999829e-03	9.999281e-14
1.000000000000000e-02	1.000100e-13
Step Information: Run=65  (Run: 65/100)
0.000000000000000e+00	0.000000e+00
4.900000000000001e-04	4.900490e-15
5.000000000000000e-04	5.000500e-15
1.500000000000000e-03	1.500150e-14
1.510000000000000e-03	1.510151e-14
9.617421874999837e-03	9.618384e-14
9.998281249999829e-03	9.999281e-14
1.000000000000000e-02	1.000100e-13
Step Information: Run=66  (Run: 66/100)
0.000000000000000e+00	0.000000e+00
4.900000000000001e-04	4.900490e-15
4.986009789519554e-04	6.858889e-06
4.988082029692561e-04	3.411867e-05
4.988881342207448e-04	8.014232e-05
4.989332522884113e-04	1.449172e-04
4.989824406228881e-04	2.699790e-04
4.990367806561156e-04	4.906784e-04
4.991119278113834e-04	9.653771e-04
4.991993347321391e-04	1.825922e-03
4.993154491149095e-04	3.600831e-03
4.994557874780281e-04	6.932039e-03
4.996409406958505e-04	1.373466e-02
4.998749180259653e-04	2.582977e-02
5.000000000000000e-04	3.391041e-02
5.000959852715471e-04	4.112497e-02
5.002239656336099e-04	5.037190e-02
5.004799263577356e-04	6.763054e-02
5.009918478059869e-04	9.790649e-02
5.020156907024895e-04	1.472224e-01
5.033471752827720e-04	1.956591e-01
5.049619612831165e-04	2.371234e-01
5.068592939891087e-04	2.702841e-01
5.092600130727907e-04	2.980827e-01
5.122797238860689e-04	3.206744e-01
5.162580486499827e-04	3.393016e-01
5.214665917231133e-04	3.541111e-01
5.286008244298761e-04	3.660164e-01
5.383664494298761e-04	3.755430e-01
5.481320744298761e-04	3.812849e-01
5.774289494298761e-04	3.893390e-01
6.457883244298762e-04	3.952884e-01
8.801633244298764e-04	3.993889e-01
1.500000000000000e-03	4.009420e-01
1.510000000000000e-03	4.009420e-01
9.490468749999840e-03	4.009420e-01
9.998281249999829e-03	4.009420e-01
1.000000000000000e-02	4.009420e-01
Step Information: Run=67  (Run: 67/100)
0.000000000000000e+00	0.000000e+00
4.900000000000001e-04	4.900490e-15
4.939101490997837e-04	4.939595e-15
4.944979584853566e-04	2.563190e-05
4.946818802467724e-04	1.189645e-04
4.947598812170682e-04	2.842955e-04
4.948044209913325e-04	5.119054e-04
4.948529619176557e-04	9.472546e-04
4.949085696907420e-04	1.738664e-03
4.949828740766775e-04	3.382709e-03
4.950725412274200e-04	6.467838e-03
4.951897177579524e-04	1.272062e-02
4.953357572802048e-04	2.479152e-02
4.955302265415836e-04	4.958406e-02
4.957915678052816e-04	1.006678e-01
4.962011764833046e-04	2.124598e-01
4.965766883737827e-04	3.377141e-01
4.969757814842934e-04	4.758678e-01
4.974376663521303e-04	6.128743e-01
4.979227084576758e-04	7.124974e-01
4.987430424485612e-04	8.104749e-01
4.995935662672106e-04	8.695835e-01
5.000000000000000e-04	8.883948e-01
5.002531287135869e-04	8.946913e-01
5.005906336650359e-04	8.996167e-01
5.012656435679339e-04	9.045878e-01
5.025672547621460e-04	9.086165e-01
5.079661426167694e-04	9.121166e-01
6.219427829225989e-04	9.139595e-01
1.500000000000000e-03	9.140731e-01
1.510000000000000e-03	9.140731e-01
9.480703124999840e-03	9.140731e-01
9.998281249999829e-03	9.140731e-01
1.000000000000000e-02	9.140731e-01
Step Information: Run=68  (Run: 68/100)
0.000000000000000e+00	0.000000e+00
4.900000000000001e-04	4.900490e-15
4.929296875000001e-04	4.929790e-15
4.968359375000001e-04	1.765732e-04
4.977719430631157e-04	1.959456e-03
4.982038164913654e-04	6.463289e-03
4.984217553515007e-04	1.266922e-02
4.986375199543863e-04	2.380707e-02
4.988866942736414e-04	4.404036e-02
4.993118952669925e-04	9.563274e-02
5.000000000000000e-04	2.010441e-01
5.000850401986702e-04	2.155416e-01
5.002551205960106e-04	2.416602e-01
5.005952813906914e-04	2.835236e-01
5.011825037680032e-04	3.361879e-01
5.018070472044696e-04	3.738725e-01
5.026477352783594e-04	4.061584e-01
5.036239550759286e-04	4.298621e-01
5.050500955611970e-04	4.509709e-01
5.068252295384740e-04	4.666497e-01
5.094606967770363e-04	4.798821e-01
5.129355577462972e-04	4.895600e-01
5.183059834190903e-04	4.973842e-01
5.258704365051596e-04	5.029794e-01
5.551673115051596e-04	5.102530e-01
6.723548115051597e-04	5.147318e-01
1.500000000000000e-03	5.164000e-01
1.510000000000000e-03	5.164000e-01
9.568593749999839e-03	5.164000e-01
9.998281249999829e-03	5.164000e-01
1.000000000000000e-02	5.164000e-01
Step Information: Run=69  (Run: 69/100)
0.000000000000000e+00	0.000000e+00
4.900000000000001e-04	4.900490e-15
5.000154469177094e-04	3.100908e-07
5.260930170188000e-04	4.722837e-04
5.553898920188001e-04	9.110498e-04
5.846867670188001e-04	1.274028e-03
6.237492670188001e-04	1.670522e-03
6.725773920188002e-04	2.064106e-03
7.409367670188002e-04	2.484711e-03
8.288273920188003e-04	2.880524e-03
9.460148920188004e-04	3.253637e-03
1.102264892018801e-03	3.592198e-03
1.326874267018801e-03	3.907309e-03
1.500000000000000e-03	4.073143e-03
1.510000000000000e-03	4.073143e-03
9.558828124999839e-03	4.073143e-03
9.998281249999829e-03	4.073143e-03
1.000000000000000e-02	4.073143e-03
Step Information: Run=70  (Run: 70/100)
0.000000000000000e+00	0.000000e+00
4.900000000000001e-04	4.900490e-15
5.000000000000000e-04	5.000500e-15
1.500000000000000e-03	1.500150e-14
1.510000000000000e-03	1.510151e-14
9.578749999999839e-03	9.579708e-14
9.998671874999830e-03	9.999672e-14
1.000000000000000e-02	1.000100e-13
Step Information: Run=71  (Run: 71/100)
0.000000000000000e+00	0.000000e+00
4.900000000000001e-04	4.900490e-15
5.000000000000000e-04	5.000500e-15
1.500000000000000e-03	1.500150e-14
1.510000000000000e-03	1.510151e-14
9.695546874999836e-03	9.696517e-14
9.998281249999829e-03	9.999281e-14
1.000000000000000e-02	1.000100e-13
Step Information: Run=72  (Run: 72/100)
0.000000000000000e+00	0.000000e+00
4.900000000000001e-04	4.900490e-15
4.960957064143418e-04	6.969544e-06
4.961506607850104e-04	5.338645e-05
4.961773328637540e-04	1.030532e-04
4.962109573799515e-04	1.995838e-04
4.962479637294879e-04	3.650021e-04
4.963009843872018e-04	7.329087e-04
4.963670035894066e-04	1.443115e-03
4.964477986543094e-04	2.797778e-03
4.965494762535946e-04	5.445685e-03
4.966768076897313e-04	1.058875e-02
4.968386574149688e-04	2.071535e-02
4.970451936107485e-04	4.069803e-02
4.973158437635152e-04	8.101956e-02
4.976870731223106e-04	1.649841e-01
4.982960649549075e-04	3.489541e-01
4.987550579643055e-04	5.035645e-01
4.992084135300099e-04	6.406577e-01
4.997239789942186e-04	7.562926e-01
5.000000000000000e-04	7.999229e-01
5.001946612396878e-04	8.153733e-01
5.004542095592716e-04	8.283491e-01
5.009733061984392e-04	8.427662e-01
5.016768823015432e-04	8.521459e-01
5.027088295498292e-04	8.580242e-01
5.041794611602654e-04	8.616812e-01
5.065545796787313e-04	8.641791e-01
5.183749259703668e-04	8.671756e-01
6.941561759703670e-04	8.686645e-01
1.500000000000000e-03	8.687871e-01
1.510000000000000e-03	8.687871e-01
9.353749999999843e-03	8.687871e-01
9.998281249999829e-03	8.687871e-01
1.000000000000000e-02	8.687871e-01
Step Information: Run=73  (Run: 73/100)
0.000000000000000e+00	0.000000e+00
4.900000000000001e-04	4.900490e-15
4.968359375000001e-04	4.968856e-15
4.977720206687880e-04	5.262356e-04
4.982334816432959e-04	2.124413e-03
4.984192724923219e-04	4.188487e-03
4.985700928055911e-04	7.579416e-03
4.987283256751770e-04	1.343802e-02
4.989513979924449e-04	2.624011e-02
4.992418509169309e-04	5.194936e-02
4.996898945540347e-04	1.078001e-01
5.000000000000000e-04	1.554784e-01
5.000896087274208e-04	1.704436e-01
5.002688261822624e-04	1.979261e-01
5.006272610919454e-04	2.433476e-01
5.012988100528084e-04	3.074288e-01
5.020215966781154e-04	3.551172e-01
5.029715945293774e-04	3.956377e-01
5.040332538529320e-04	4.245290e-01
5.055393198724282e-04	4.497973e-01
5.073813484919236e-04	4.685048e-01
5.100621429801876e-04	4.842434e-01
5.135387151996874e-04	4.957579e-01
5.188023258697801e-04	5.051113e-01
5.261005069158174e-04	5.119702e-01
5.456317569158174e-04	5.195519e-01
6.139911319158175e-04	5.250649e-01
1.219459881915818e-03	5.281123e-01
1.500000000000000e-03	5.282711e-01
1.510000000000000e-03	5.282711e-01
9.549062499999839e-03	5.282711e-01
9.998281249999829e-03	5.282711e-01
1.000000000000000e-02	5.282711e-01
Step Information: Run=74  (Run: 74/100)
0.000000000000000e+00	0.000000e+00
4.900000000000001e-04	4.900490e-15
4.968359375000001e-04	4.968856e-15
4.977728229336939e-04	2.342257e-04
4.982345105859772e-04	1.005884e-03
4.984055698535382e-04	2.038676e-03
4.985245683090084e-04	3.623500e-03
4.986518253512789e-04	6.500562e-03
4.988153970949642e-04	1.229913e-02
4.990304208222641e-04	2.409339e-02
4.993228710623484e-04	4.884546e-02
4.997578205975669e-04	9.985855e-02
5.000000000000000e-04	1.345932e-01
5.000869899070437e-04	1.479576e-01
5.002609697211311e-04	1.725492e-01
5.006089293493058e-04	2.134039e-01
5.012663035355427e-04	2.721679e-01
5.019651920177727e-04	3.161241e-01
5.029050409263804e-04	3.552429e-01
5.039541125685894e-04	3.838085e-01
5.054590649008875e-04	4.097007e-01
5.072788111248346e-04	4.291219e-01
5.099289398149767e-04	4.458965e-01
5.133129540965120e-04	4.583156e-01
5.184052242410108e-04	4.685878e-01
5.253303734541995e-04	4.759998e-01
5.448616234541995e-04	4.847020e-01
5.936897484541996e-04	4.908262e-01
8.378303734541998e-04	4.947557e-01
1.500000000000000e-03	4.957173e-01
1.510000000000000e-03	4.957173e-01
9.539296874999839e-03	4.957173e-01
9.998281249999829e-03	4.957173e-01
1.000000000000000e-02	4.957173e-01
Step Information: Run=75  (Run: 75/100)
0.000000000000000e+00	0.000000e+00
4.900000000000001e-04	4.900490e-15
4.980733439628591e-04	4.981231e-15
4.988060820579327e-04	7.054528e-05
4.990570295951387e-04	2.644076e-04
4.991643670822967e-04	5.433020e-04
4.992450849682539e-04	9.772013e-04
4.993314237085979e-04	1.750743e-03
4.994424898361022e-04	3.307261e-03
4.995814165751865e-04	6.334589e-03
4.997621742664213e-04	1.244405e-02
4.999871246554068e-04	2.260716e-02
5.001802548243051e-04	3.395275e-02
5.003862603377967e-04	4.559605e-02
5.007982713647798e-04	6.732673e-02
5.016222934187461e-04	1.053812e-01
5.032703375266786e-04	1.670950e-01
5.053709872301609e-04	2.259640e-01
5.079038831991684e-04	2.753477e-01
5.108174705859137e-04	3.133659e-01
5.144773817624155e-04	3.444326e-01
5.190284285116332e-04	3.689669e-01
5.250366920179321e-04	3.888810e-01
5.328804532267557e-04	4.045220e-01
5.426460782267557e-04	4.162441e-01
5.524117032267557e-04	4.235426e-01
5.719429532267558e-04	4.317026e-01
6.110054532267558e-04	4.391355e-01
7.086617032267559e-04	4.453617e-01
1.079755453226756e-03	4.497058e-01
1.500000000000000e-03	4.507003e-01
1.510000000000000e-03	4.507003e-01
9.507876654080734e-03	4.507003e-01
9.996157904080724e-03	4.507003e-01
1.000000000000000e-02	4.507003e-01
Step Information: Run=76  (Run: 76/100)
0.000000000000000e+00	0.000000e+00
4.900000000000001e-04	4.900490e-15
4.950374991248334e-04	3.132026e-06
4.951277272206489e-04	2.505700e-05
4.951685647051330e-04	8.096502e-05
4.951991292412097e-04	1.623506e-04
4.952283020834055e-04	2.842763e-04
4.952723576409798e-04	5.707824e-04
4.953252872300353e-04	1.104530e-03
4.953926880048379e-04	2.162633e-03
4.954754631623072e-04	4.181688e-03
4.955819055121898e-04	8.204959e-03
4.957162748829385e-04	1.606602e-02
4.958928717327168e-04	3.201289e-02
4.961296315884678e-04	6.489311e-02
4.964830349480823e-04	1.362061e-01
4.969250546601218e-04	2.513263e-01
4.973693946734651e-04	3.790643e-01
4.978694487985069e-04	5.123352e-01
4.983727119914318e-04	6.151371e-01
4.991265803166569e-04	7.161194e-01
5.000000000000000e-04	7.942590e-01
5.004523209951351e-04	8.089463e-01
5.010554156553152e-04	8.186970e-01
5.022616049756754e-04	8.274925e-01
5.058667221226346e-04	8.338938e-01
5.270340420621854e-04	8.377513e-01
1.500000000000000e-03	8.388251e-01
1.510000000000000e-03	8.388251e-01
9.441640624999841e-03	8.388251e-01
9.998281249999829e-03	8.388251e-01
1.000000000000000e-02	8.388251e-01
Step Information: Run=77  (Run: 77/100)
0.000000000000000e+00	0.000000e+00
4.900000000000001e-04	4.900490e-15
5.000000000000000e-04	5.000500e-15
1.500000000000000e-03	1.500150e-14
1.510000000000000e-03	1.510151e-14
9.695546874999836e-03	9.696517e-14
9.998281249999829e-03	9.999281e-14
1.000000000000000e-02	1.000100e-13
Step Information: Run=78  (Run: 78/100)
0.000000000000000e+00	0.000000e+00
4.900000000000001e-04	4.900490e-15
4.986337254953213e-04	5.083938e-06
4.986967601504080e-04	4.188078e-05
4.987293519470617e-04	8.174466e-05
4.987665802526656e-04	1.529941e-04
4.988084776225471e-04	2.779618e-04
4.988712157337229e-04	5.675952e-04
4.989486597287370e-04	1.122020e-03
4.990443698383930e-04	2.189772e-03
4.991657499474511e-04	4.289774e-03
4.993216851296345e-04	8.462253e-03
4.995269696325540e-04	1.694065e-02
4.998087316150413e-04	3.345113e-02
5.000000000000000e-04	4.746236e-02
5.001296799896499e-04	5.819770e-02
5.003025866425162e-04	7.115243e-02
5.006483999482491e-04	9.319188e-02
5.013400265597149e-04	1.282108e-01
5.020749973776976e-04	1.557915e-01
5.031091177937440e-04	1.830347e-01
5.042339884199729e-04	2.035536e-01
5.058718693811341e-04	2.235547e-01
5.077912742802019e-04	2.389905e-01
5.105811313296635e-04	2.531233e-01
5.140103479756658e-04	2.637088e-01
5.191683717031310e-04	2.729810e-01
5.255579712739067e-04	2.797216e-01
5.351660870026682e-04	2.856613e-01
5.546973370026682e-04	2.918106e-01
5.937598370026683e-04	2.965192e-01
7.109473370026684e-04	3.001280e-01
1.404306712002669e-03	3.022889e-01
1.500000000000000e-03	3.023511e-01
1.510000000000000e-03	3.023511e-01
9.373281249999843e-03	3.023511e-01
9.998281249999829e-03	3.023511e-01
1.000000000000000e-02	3.023511e-01
Step Information: Run=79  (Run: 79/100)
0.000000000000000e+00	0.000000e+00
4.900000000000001e-04	4.900490e-15
4.997273822301512e-04	8.514127e-06
4.997850511653456e-04	4.301789e-05
4.998159484136909e-04	7.796704e-05
4.998563155524970e-04	1.490961e-04
4.999005989894808e-04	2.709097e-04
4.999705882088503e-04	5.411497e-04
5.000078860605320e-04	7.284330e-04
5.002444678764926e-04	2.079571e-03
5.004968218135172e-04	3.488841e-03
5.010015296875663e-04	6.213226e-03
5.020109454356647e-04	1.131882e-02
5.040297769318612e-04	2.037222e-02
5.080674399242544e-04	3.552063e-02
5.128313168780936e-04	4.958183e-02
5.193206644306249e-04	6.389876e-02
5.266566487992562e-04	7.570557e-02
5.364222737992562e-04	8.697154e-02
5.461878987992562e-04	9.514441e-02
5.559535237992562e-04	1.011422e-01
5.657191487992562e-04	1.057259e-01
5.754847737992562e-04	1.093614e-01
5.950160237992563e-04	1.147800e-01
6.243128987992563e-04	1.201376e-01
6.633753987992563e-04	1.245854e-01
7.219691487992564e-04	1.285250e-01
8.196253987992565e-04	1.320266e-01
1.005172273799257e-03	1.350475e-01
1.415328523799257e-03	1.374341e-01
1.500000000000000e-03	1.376855e-01
1.510000000000000e-03	1.376855e-01
9.461171874999841e-03	1.376855e-01
9.998281249999829e-03	1.376855e-01
1.000000000000000e-02	1.376855e-01
Step Information: Run=80  (Run: 80/100)
0.000000000000000e+00	0.000000e+00
4.900000000000001e-04	4.900490e-15
4.929296875000001e-04	4.929790e-15
4.968359375000001e-04	4.301655e-03
4.977719323903081e-04	1.617777e-02
4.982237778976703e-04	3.665485e-02
4.985429513615060e-04	6.670781e-02
4.988761288021197e-04	1.178370e-01
4.994493644328712e-04	2.387068e-01
5.000000000000000e-04	3.758370e-01
5.001146471261503e-04	4.031774e-01
5.003439413784509e-04	4.500466e-01
5.008025298830521e-04	5.192170e-01
5.013933483562048e-04	5.769481e-01
5.020868938492136e-04	6.164882e-01
5.029057140771183e-04	6.427110e-01
5.039993304260512e-04	6.620758e-01
5.054972537516116e-04	6.764234e-01
5.076666322899898e-04	6.872038e-01
5.107399655021275e-04	6.947982e-01
5.155985280977340e-04	7.004525e-01
5.329485246300195e-04	7.069607e-01
6.403703996300196e-04	7.108424e-01
1.500000000000000e-03	7.118249e-01
1.510000000000000e-03	7.118249e-01
9.569095817758866e-03	7.118249e-01
9.998783317758856e-03	7.118249e-01
1.000000000000000e-02	7.118249e-01
Step Information: Run=81  (Run: 81/100)
0.000000000000000e+00	0.000000e+00
4.900000000000001e-04	4.900490e-15
4.939101515988903e-04	4.939595e-15
4.958710797966708e-04	1.301519e-03
4.963261309077588e-04	4.605337e-03
4.965518912282722e-04	1.012961e-02
4.967256510309804e-04	1.866156e-02
4.969072862703330e-04	3.329549e-02
4.971821993995192e-04	6.731809e-02
4.975887032041121e-04	1.391352e-01
4.980650654856064e-04	2.463029e-01
4.985667325802152e-04	3.697159e-01
4.991181460564116e-04	4.949902e-01
4.997079836895069e-04	6.055140e-01
5.000000000000000e-04	6.499807e-01
5.002281784075214e-04	6.713637e-01
5.005324162842167e-04	6.902110e-01
5.011408920376070e-04	7.127966e-01
5.018431379902997e-04	7.267247e-01
5.029078827025220e-04	7.369577e-01
5.043260626127029e-04	7.437093e-01
5.105943002132782e-04	7.527882e-01
5.467858857030310e-04	7.582028e-01
1.500000000000000e-03	7.599089e-01
1.510000000000000e-03	7.599089e-01
9.539296874999839e-03	7.599089e-01
9.998281249999829e-03	7.599089e-01
1.000000000000000e-02	7.599089e-01
Step Information: Run=82  (Run: 82/100)
0.000000000000000e+00	0.000000e+00
4.900000000000001e-04	4.900490e-15
4.929296875000001e-04	4.929790e-15
4.934543796129738e-04	1.069037e-04
4.937007658662883e-04	4.835257e-04
4.937918742711339e-04	1.028000e-03
4.938499507738825e-04	1.835043e-03
4.939125773848158e-04	3.341247e-03
4.939875043723813e-04	6.191730e-03
4.940862042802379e-04	1.202390e-02
4.942101394791259e-04	2.337529e-02
4.943759385800042e-04	4.681177e-02
4.946025303063461e-04	9.596076e-02
4.949771623642987e-04	2.083043e-01
4.953032625889863e-04	3.257056e-01
4.956606601401424e-04	4.573092e-01
4.960566915251679e-04	5.812519e-01
4.965209107859978e-04	6.836337e-01
4.972616620480735e-04	7.832009e-01
4.980512124252766e-04	8.454520e-01
4.988606220877997e-04	8.837004e-01
5.000000000000000e-04	9.220544e-01
5.006384318166513e-04	9.294294e-01
5.026814136299355e-04	9.344943e-01
5.179435209651822e-04	9.370514e-01
1.500000000000000e-03	9.376497e-01
1.510000000000000e-03	9.376497e-01
9.480703124999840e-03	9.376497e-01
9.998281249999829e-03	9.376497e-01
1.000000000000000e-02	9.376497e-01
Step Information: Run=83  (Run: 83/100)
0.000000000000000e+00	0.000000e+00
4.900000000000001e-04	4.900490e-15
4.929296875000001e-04	4.929790e-15
4.968359375000001e-04	5.868320e-04
4.977719381592322e-04	3.623059e-03
4.982076496543703e-04	1.031374e-02
4.984346962341978e-04	1.922726e-02
4.986732364622802e-04	3.584225e-02
4.989553889597469e-04	6.661553e-02
4.994045031343302e-04	1.390240e-01
5.000000000000000e-04	2.602210e-01
5.000830518154570e-04	2.793919e-01
5.002491554463709e-04	3.145831e-01
5.005813627081986e-04	3.722432e-01
5.012439842054246e-04	4.569722e-01
5.019580646163663e-04	5.178046e-01
5.028786451718654e-04	5.657852e-01
5.038918655269673e-04	5.977356e-01
5.053398531354492e-04	6.244568e-01
5.071388963151009e-04	6.435997e-01
5.098194407697962e-04	6.592168e-01
5.133712381891363e-04	6.702558e-01
5.189262278789732e-04	6.789511e-01
5.366432634187670e-04	6.890737e-01
6.050026384187671e-04	6.953139e-01
1.500000000000000e-03	6.981764e-01
1.510000000000000e-03	6.981764e-01
9.568593749999839e-03	6.981764e-01
9.998281249999829e-03	6.981764e-01
1.000000000000000e-02	6.981764e-01
Step Information: Run=84  (Run: 84/100)
0.000000000000000e+00	0.000000e+00
4.900000000000001e-04	4.900490e-15
5.000000000000000e-04	5.000500e-15
1.500000000000000e-03	1.500150e-14
1.510000000000000e-03	1.510151e-14
9.676015624999836e-03	9.676983e-14
9.998281249999829e-03	9.999281e-14
1.000000000000000e-02	1.000100e-13
Step Information: Run=85  (Run: 85/100)
0.000000000000000e+00	0.000000e+00
4.900000000000001e-04	4.900490e-15
4.968359375000001e-04	4.968856e-15
4.977719593102222e-04	1.001081e-03
4.982334017167560e-04	4.015482e-03
4.984500228330189e-04	8.276119e-03
4.986541438841341e-04	1.593911e-02
4.988576927532847e-04	2.828304e-02
4.991918543679734e-04	5.940337e-02
4.996713671694431e-04	1.210114e-01
5.000000000000000e-04	1.725019e-01
5.000959025602940e-04	1.882714e-01
5.002877076808819e-04	2.168341e-01
5.006713179220577e-04	2.627868e-01
5.013956988199768e-04	3.266363e-01
5.020625222281882e-04	3.666154e-01
5.030492611007988e-04	4.045702e-01
5.040949980727980e-04	4.305706e-01
5.057369485930290e-04	4.557722e-01
5.076223007509116e-04	4.734208e-01
5.105715804883403e-04	4.893370e-01
5.142002558478196e-04	5.004759e-01
5.200353442255739e-04	5.100679e-01
5.277581892624776e-04	5.168688e-01
5.472894392624776e-04	5.240049e-01
6.156488142624776e-04	5.299214e-01
1.133226939262478e-03	5.332354e-01
1.500000000000000e-03	5.335024e-01
1.510000000000000e-03	5.335024e-01
9.558828124999839e-03	5.335024e-01
9.998281249999829e-03	5.335024e-01
1.000000000000000e-02	5.335024e-01
Step Information: Run=86  (Run: 86/100)
0.000000000000000e+00	0.000000e+00
4.900000000000001e-04	4.900490e-15
5.000000000000000e-04	5.000500e-15
1.500000000000000e-03	1.500150e-14
1.510000000000000e-03	1.510151e-14
9.695546874999836e-03	9.696517e-14
9.998281249999829e-03	9.999281e-14
1.000000000000000e-02	1.000100e-13
Step Information: Run=87  (Run: 87/100)
0.000000000000000e+00	0.000000e+00
4.900000000000001e-04	4.900490e-15
5.000000000000000e-04	5.000500e-15
1.500000000000000e-03	1.500150e-14
1.510000000000000e-03	1.510151e-14
9.656484374999837e-03	9.657450e-14
9.998281249999829e-03	9.999281e-14
1.000000000000000e-02	1.000100e-13
Step Information: Run=88  (Run: 88/100)
0.000000000000000e+00	0.000000e+00
4.900000000000001e-04	4.900490e-15
4.997363662921465e-04	6.081064e-06
4.998082050340526e-04	4.600790e-05
4.998435238791924e-04	8.905861e-05
4.998873665474555e-04	1.715001e-04
4.999363224756365e-04	3.127493e-04
5.000069542786960e-04	5.885937e-04
5.004381195578483e-04	2.680858e-03
5.008831933943927e-04	4.773105e-03
5.017733410674814e-04	8.765528e-03
5.035536364136588e-04	1.607270e-02
5.071142271060136e-04	2.870265e-02
5.126751940681796e-04	4.476583e-02
5.194846202772800e-04	5.987898e-02
5.281912287389402e-04	7.417680e-02
5.379568537389402e-04	8.596224e-02
5.477224787389403e-04	9.466518e-02
5.574881037389403e-04	1.012676e-01
5.672537287389403e-04	1.064710e-01
5.770193537389403e-04	1.106872e-01
5.965506037389403e-04	1.170857e-01
6.160818537389403e-04	1.216985e-01
6.453787287389403e-04	1.266073e-01
6.942068537389404e-04	1.318239e-01
7.625662287389404e-04	1.360967e-01
8.797537287389405e-04	1.400052e-01
1.094597478738941e-03	1.432744e-01
1.500000000000000e-03	1.456683e-01
1.510000000000000e-03	1.456683e-01
9.461171874999841e-03	1.456683e-01
9.998281249999829e-03	1.456683e-01
1.000000000000000e-02	1.456683e-01
Step Information: Run=89  (Run: 89/100)
0.000000000000000e+00	0.000000e+00
4.900000000000001e-04	4.900490e-15
4.958711064063796e-04	4.959207e-15
4.963979010387189e-04	2.157494e-04
4.966452747416032e-04	8.656503e-04
4.967610769179964e-04	1.820189e-03
4.968685830458495e-04	3.558799e-03
4.969685680462615e-04	6.230818e-03
4.971200104788035e-04	1.251264e-02
4.972972302804833e-04	2.388776e-02
4.975587695203133e-04	4.973407e-02
4.979165389817024e-04	1.010780e-01
4.983401647413374e-04	1.814943e-01
4.988296558421336e-04	2.891521e-01
4.993972321352780e-04	4.133569e-01
5.000000000000000e-04	5.329039e-01
5.002086754775019e-04	5.596240e-01
5.004869094475044e-04	5.844091e-01
5.010433773875093e-04	6.159893e-01
5.016444917772372e-04	6.355284e-01
5.025385377274294e-04	6.507452e-01
5.036438894820725e-04	6.608073e-01
5.055511089261608e-04	6.695417e-01
5.081297643997367e-04	6.753485e-01
5.192528390279018e-04	6.827452e-01
5.973778390279019e-04	6.873072e-01
1.500000000000000e-03	6.883235e-01
1.510000000000000e-03	6.883235e-01
9.500234374999840e-03	6.883235e-01
9.998281249999829e-03	6.883235e-01
1.000000000000000e-02	6.883235e-01
Step Information: Run=90  (Run: 90/100)
0.000000000000000e+00	0.000000e+00
4.900000000000001e-04	4.900490e-15
5.000000000000000e-04	5.000500e-15
1.500000000000000e-03	1.500150e-14
1.510000000000000e-03	1.510151e-14
9.676015624999836e-03	9.676983e-14
9.998281249999829e-03	9.999281e-14
1.000000000000000e-02	1.000100e-13
Step Information: Run=91  (Run: 91/100)
0.000000000000000e+00	0.000000e+00
4.900000000000001e-04	4.900490e-15
5.000000000000000e-04	5.000500e-15
1.500000000000000e-03	1.500150e-14
1.510000000000000e-03	1.510151e-14
9.597890624999838e-03	9.598850e-14
9.998281249999829e-03	9.999281e-14
1.000000000000000e-02	1.000100e-13
Step Information: Run=92  (Run: 92/100)
0.000000000000000e+00	0.000000e+00
4.900000000000001e-04	4.900490e-15
5.000000000000000e-04	5.000500e-15
1.500000000000000e-03	1.500150e-14
1.510000000000000e-03	1.510151e-14
9.676015624999836e-03	9.676983e-14
9.998281249999829e-03	9.999281e-14
1.000000000000000e-02	1.000100e-13
Step Information: Run=93  (Run: 93/100)
0.000000000000000e+00	0.000000e+00
4.900000000000001e-04	4.900490e-15
4.974679837437856e-04	4.975177e-15
4.986884768761204e-04	4.590235e-05
4.990233134514125e-04	2.110469e-04
4.991725679860048e-04	5.166630e-04
4.992569403097518e-04	9.307278e-04
4.993488679843249e-04	1.720772e-03
4.994555349836201e-04	3.171069e-03
4.995994858969937e-04	6.206723e-03
4.997765621278198e-04	1.194230e-02
5.000000000000000e-04	2.149574e-02
5.001666116370085e-04	3.047851e-02
5.003570249364469e-04	4.010127e-02
5.007378515353235e-04	5.754129e-02
5.014995047330768e-04	8.706846e-02
5.027574043092927e-04	1.256575e-01
5.041797319490416e-04	1.579573e-01
5.060389716498362e-04	1.877487e-01
5.081762842544841e-04	2.113950e-01
5.110762588360528e-04	2.328684e-01
5.146100588657791e-04	2.499951e-01
5.194798358286223e-04	2.648409e-01
5.256759964679193e-04	2.762762e-01
5.346166694578669e-04	2.860004e-01
5.443822944578669e-04	2.925917e-01
5.639135444578669e-04	2.999846e-01
6.029760444578669e-04	3.064504e-01
6.908666694578670e-04	3.112689e-01
9.838354194578673e-04	3.146169e-01
1.500000000000000e-03	3.157220e-01
1.510000000000000e-03	3.157220e-01
9.500234374999840e-03	3.157220e-01
9.998281249999829e-03	3.157220e-01
1.000000000000000e-02	3.157220e-01
Step Information: Run=94  (Run: 94/100)
0.000000000000000e+00	0.000000e+00
4.900000000000001e-04	4.900490e-15
4.968359375000001e-04	4.968856e-15
4.977722048411236e-04	3.213723e-04
4.982337188319978e-04	1.327424e-03
4.984074011448083e-04	2.619160e-03
4.985375094784419e-04	4.665401e-03
4.986756968257151e-04	8.297811e-03
4.988641263970350e-04	1.601364e-02
4.991119166218963e-04	3.168201e-02
4.994766858410199e-04	6.643569e-02
5.000000000000000e-04	1.303364e-01
5.000662199054498e-04	1.397804e-01
5.001986597163495e-04	1.573341e-01
5.004635393381487e-04	1.870419e-01
5.009932985817471e-04	2.330975e-01
5.016231932304943e-04	2.722972e-01
5.024306181492930e-04	3.059809e-01
5.033686679492207e-04	3.316619e-01
5.046590505524837e-04	3.542031e-01
5.062824996389339e-04	3.719105e-01
5.085691356053336e-04	3.868807e-01
5.115726413108533e-04	3.983599e-01
5.159530920705261e-04	4.077272e-01
5.220388252582802e-04	4.147808e-01
5.313224373657877e-04	4.204728e-01
5.508536873657877e-04	4.256346e-01
6.192130623657877e-04	4.302374e-01
1.117259937365788e-03	4.330048e-01
1.500000000000000e-03	4.332558e-01
1.510000000000000e-03	4.332558e-01
9.539296874999839e-03	4.332558e-01
9.998281249999829e-03	4.332558e-01
1.000000000000000e-02	4.332558e-01
Step Information: Run=95  (Run: 95/100)
0.000000000000000e+00	0.000000e+00
4.900000000000001e-04	4.900490e-15
4.961744758841369e-04	6.162362e-06
4.962328506076060e-04	5.608164e-05
4.962601343053857e-04	1.080742e-04
4.962896954370273e-04	1.960035e-04
4.963363424736330e-04	4.105392e-04
4.963887910914456e-04	7.865715e-04
4.964577114635900e-04	1.556341e-03
4.965395085730542e-04	2.977516e-03
4.966460984337826e-04	5.849598e-03
4.967762162530555e-04	1.129054e-02
4.969445788822742e-04	2.219536e-02
4.971558464946474e-04	4.336644e-02
4.974348845818098e-04	8.642811e-02
4.978115202088773e-04	1.746571e-01
4.984188140755247e-04	3.650316e-01
4.988588857567145e-04	5.198613e-01
4.992939253579962e-04	6.598352e-01
4.997385999334417e-04	7.681821e-01
5.000000000000000e-04	8.139758e-01
5.001471430635068e-04	8.280970e-01
5.002892969297657e-04	8.384280e-01
5.004371510759531e-04	8.461666e-01
5.007096133581913e-04	8.553073e-01
5.012545379226677e-04	8.659099e-01
5.019389237084179e-04	8.727366e-01
5.029993968190585e-04	8.775586e-01
5.045070046465457e-04	8.806952e-01
5.072056939603580e-04	8.830712e-01
5.200820983631316e-04	8.857414e-01
7.349258483631318e-04	8.870463e-01
1.500000000000000e-03	8.871371e-01
1.510000000000000e-03	8.871371e-01
9.314687499999844e-03	8.871371e-01
9.998281249999829e-03	8.871371e-01
1.000000000000000e-02	8.871371e-01
Step Information: Run=96  (Run: 96/100)
0.000000000000000e+00	0.000000e+00
4.900000000000001e-04	4.900490e-15
5.000000000000000e-04	5.000500e-15
1.500000000000000e-03	1.500150e-14
1.510000000000000e-03	1.510151e-14
9.676015624999836e-03	9.676983e-14
9.998281249999829e-03	9.999281e-14
1.000000000000000e-02	1.000100e-13
Step Information: Run=97  (Run: 97/100)
0.000000000000000e+00	0.000000e+00
4.900000000000001e-04	4.900490e-15
5.000000000000000e-04	5.000500e-15
1.500000000000000e-03	1.500150e-14
1.510000000000000e-03	1.510151e-14
9.652568184726148e-03	9.653534e-14
9.994365059726141e-03	9.995364e-14
1.000000000000000e-02	1.000100e-13
Step Information: Run=98  (Run: 98/100)
0.000000000000000e+00	0.000000e+00
4.900000000000001e-04	4.900490e-15
4.961847854757647e-04	4.962344e-15
4.975862732180132e-04	5.712392e-04
4.979665652418863e-04	2.017387e-03
4.981498514488396e-04	4.287506e-03
4.982993366035437e-04	7.949322e-03
4.984556637750425e-04	1.422892e-02
4.986759212862248e-04	2.791730e-02
4.989572533899538e-04	5.485573e-02
4.993761342784717e-04	1.153416e-01
5.000000000000000e-04	2.305341e-01
5.000723185146324e-04	2.460330e-01
5.002169555438971e-04	2.747211e-01
5.005062296024267e-04	3.225738e-01
5.010847777194858e-04	3.942611e-01
5.017910807309722e-04	4.534919e-01
5.026320790221701e-04	4.971832e-01
5.036080254763777e-04	5.277061e-01
5.049063320521337e-04	5.516215e-01
5.066046483988879e-04	5.696447e-01
5.090018371679591e-04	5.837064e-01
5.123138933637815e-04	5.940688e-01
5.172537536252256e-04	6.019322e-01
5.245764863668637e-04	6.077148e-01
5.538733613668637e-04	6.148095e-01
7.491858613668639e-04	6.189936e-01
1.500000000000000e-03	6.198354e-01
1.510000000000000e-03	6.198354e-01
9.218482750074372e-03	6.198354e-01
9.999732750074356e-03	6.198354e-01
1.000000000000000e-02	6.198354e-01
Step Information: Run=99  (Run: 99/100)
0.000000000000000e+00	0.000000e+00
4.900000000000001e-04	4.900490e-15
5.000000000000000e-04	5.000500e-15
1.500000000000000e-03	1.500150e-14
1.510000000000000e-03	1.510151e-14
9.636953124999837e-03	9.637917e-14
9.998281249999829e-03	9.999281e-14
1.000000000000000e-02	1.000100e-13
Step Information: Run=100  (Run: 100/100)
0.000000000000000e+00	0.000000e+00
4.900000000000001e-04	4.900490e-15
5.000000000000000e-04	5.000500e-15
1.500000000000000e-03	1.500150e-14
1.510000000000000e-03	1.510151e-14
9.695546874999836e-03	9.696517e-14
9.998281249999829e-03	9.999281e-14
1.000000000000000e-02	1.000100e-13
